0    1    2    4    8    16    32    48    
1    0    3    5    9    17    33    49    
2    0    6    10    18    34    67    
3    1    7    11    19    35    51    56    59    87    
4    0    12    20    36    44    79    83    
5    1    13    21    37    45    79    82    
6    2    14    22    38    46    80    
7    3    15    23    39    47    63    
8    0    24    40    48    42    49    59    61    65    
9    1    25    41    49    37    49    52    56    
10    2    26    42    47    35    41    50    52    
11    3    27    43    36    40    68    74    79    
12    4    28    44    39    47    52    67    
13    5    29    45    44    34    39    48    64    84    
14    6    30    46    43    15    45    
15    7    31    47    14    46    52    54    61    67    
16    0    50    60    
17    1    57    63    65    
18    2    51    53    57    86    
19    3    54    56    66    89    
20    4    66    75    80    
21    5    62    69    82    
22    6    58    81    82    
23    7    78    
24    8    51    53    66    68    72    
25    9    61    63    65    85    86    
26    10    60    62    85    86    
27    11    53    55    59    60    66    
28    12    54    58    64    73    78    
29    13    53    83    
30    14    50    57    81    
31    15    58    61    64    69    75    78    
32    0    48    47    35    44    50    73    
33    1    49    36    40    44    45    
34    2    43    39    35    41    13    88    
35    3    34    40    10    32    67    
36    4    11    45    41    37    33    48    55    80    
37    5    38    44    40    36    9    
38    6    43    39    47    41    37    81    
39    7    46    42    38    12    34    13    59    65    68    83    
40    8    41    35    37    11    33    51    72    
41    9    38    40    10    34    36    55    62    
42    10    39    43    47    45    8    56    
43    11    14    46    38    42    34    60    68    
44    12    4    45    37    13    33    32    55    69    74    
45    13    5    42    14    44    36    33    62    87    
46    14    6    39    43    15    63    84    87    
47    15    7    42    38    10    12    32    58    
48    0    8    32    13    36    49    
49    1    9    33    8    48    9    
50    51    30    32    10    16    70    
51    50    3    24    18    40    71    
52    53    15    12    9    10    74    
53    52    27    24    29    18    75    
54    55    15    28    19    76    
55    54    27    44    41    36    77    
56    57    19    3    9    42    84    
57    56    30    18    17    85    
58    59    47    22    31    28    76    
59    58    27    3    39    8    77    
60    61    26    16    27    43    70    
61    60    25    8    15    31    71    
62    63    45    21    41    26    88    
63    62    25    7    17    46    89    
64    65    13    31    28    76    
65    64    25    39    17    8    77    
66    67    19    24    20    27    70    
67    66    2    15    12    35    71    
68    69    24    39    43    11    72    
69    68    44    21    31    73    
70    71    50    60    66    
71    70    51    61    67    
72    73    68    24    40    
73    72    69    32    28    
74    75    11    52    44    
75    74    31    53    20    
76    77    54    58    64    
77    76    55    59    65    
78    79    28    31    23    
79    78    4    11    5    
80    81    20    36    6    
81    80    38    22    30    
82    83    5    21    22    
83    82    29    39    4    
84    85    46    13    56    
85    84    26    25    57    
86    87    25    26    18    
87    86    45    46    3    
88    89    62    34    
89    88    63    19    
