0    1    2    4    8    16    21    30    
1    0    3    5    9    17    29    31    
2    0    6    10    42    48    
3    1    7    11    19    21    20    23    25    42    44    
4    0    12    16    18    24    
5    1    13    17    18    24    27    41    48    51    
6    2    14    15    19    20    23    22    24    36    47    
7    3    15    12    28    41    46    49    
8    0    16    13    20    32    45    
9    1    17    15    26    50    
10    2    13    17    19    25    26    40    47    
11    3    14    12    16    25    28    37    44    49    
12    4    15    7    11    18    21    29    33    34    45    
13    5    10    8    50    
14    6    15    11    26    35    38    40    
15    7    14    6    12    9    22    27    39    46    51    
16    0    4    8    11    17    43    
17    1    5    9    10    16    43    
18    19    12    5    4    22    34    
19    18    6    3    10    23    35    
20    21    6    3    8    30    
21    20    3    0    12    31    
22    23    15    6    18    32    
23    22    6    3    19    33    
24    25    4    5    6    36    
25    24    10    3    11    37    
26    27    14    9    10    38    
27    26    15    5    39    
28    29    11    7    
29    28    12    1    
30    31    0    20    
31    30    1    21    
32    33    8    22    
33    32    12    23    
34    35    18    12    
35    34    19    14    
36    37    24    6    
37    36    25    11    
38    39    26    14    
39    38    27    15    
40    41    14    10    
41    40    7    5    
42    43    2    3    
43    42    17    16    
44    45    3    11    
45    44    8    12    
46    47    15    7    
47    46    6    10    
48    49    2    5    
49    48    7    11    
50    51    13    9    
51    50    15    5    
