0    1    2    4    8    16    18    24    25    
1    0    3    5    9    17    19    
2    0    6    10    24    29    
3    1    7    11    25    24    28    29    34    43    
4    0    12    16    22    27    
5    1    13    17    23    22    27    26    29    35    42    
6    2    14    15    20    21    28    41    44    
7    3    15    12    40    42    45    
8    0    16    13    19    20    22    26    36    39    47    
9    1    17    15    21    46    
10    2    13    17    18    30    37    
11    3    14    12    16    19    39    
12    4    15    7    11    27    38    47    
13    5    10    8    41    
14    6    15    11    31    46    
15    7    14    6    12    9    18    23    40    
16    0    4    8    11    17    21    20    23    26    
17    1    5    9    10    16    43    
18    19    0    10    15    30    
19    18    1    11    8    31    
20    21    8    6    16    32    
21    20    9    16    6    33    
22    23    8    4    5    34    
23    22    15    5    16    35    
24    25    2    0    3    32    
25    24    3    0    33    
26    27    16    8    5    44    
27    26    5    12    4    45    
28    29    3    6    36    
29    28    2    3    5    37    
30    31    10    18    
31    30    14    19    
32    33    24    20    
33    32    25    21    
34    35    3    22    
35    34    5    23    
36    37    8    28    
37    36    10    29    
38    39    12    
39    38    8    11    
40    41    15    7    
41    40    13    6    
42    43    7    5    
43    42    17    3    
44    45    6    26    
45    44    7    27    
46    47    14    9    
47    46    12    8    
