0    1    2    4    8    16    32    48    51    50    74    
1    0    3    5    9    17    33    49    506    
2    0    6    10    18    34    75    176    246    259    418    507    
3    1    7    11    19    35    50    51    53    52    127    
4    0    12    20    36    44    73    164    221    248    348    469    
5    1    13    21    37    45    50    52    63    69    72    79    85    
6    2    14    22    38    46    51    53    62    68    78    121    350    
7    3    15    23    39    47    220    249    349    351    468    
8    0    24    40    48    42    49    99    198    211    300    447    
9    1    25    41    49    37    49    63    66    67    72    73    80    81    
10    2    26    42    47    35    41    62    67    66    73    72    81    87    
11    3    27    43    36    40    61    152    199    210    301    446    
12    4    28    44    39    47    60    62    73    76    79    84    87    
13    5    29    45    44    34    39    48    240    249    383    492    
14    6    30    46    43    15    45    170    241    248    382    493    
15    7    31    47    14    46    63    70    72    77    78    85    98    
16    0    53    54    55    56    57    58    59    61    64    65    71    
17    1    82    83    88    89    94    95    100    101    108    109    113    116    121    122    136    137    
18    2    76    82    89    88    95    94    101    100    109    108    112    117    120    123    137    177    
19    3    52    55    54    57    56    59    58    60    65    64    71    
20    4    64    69    70    75    76    78    81    91    90    96    99    102    105    110    113    119    
21    5    54    56    58    60    63    64    117    123    135    169    231    367    474    
22    6    55    57    59    61    65    110    116    122    134    135    168    230    366    
23    7    60    68    71    74    77    79    80    90    91    97    98    103    104    111    112    
24    8    66    69    70    76    79    82    85    87    90    93    96    98    105    110    113    
25    9    77    108    115    116    123    124    129    136    141    174    233    246    399    500    
26    10    83    108    114    117    122    125    128    137    140    175    232    247    398    501    
27    11    67    68    70    77    78    83    84    86    91    92    97    99    104    111    112    117    
28    12    61    104    106    113    114    118    121    131    132    161    160    209    210    324    457    
29    13    67    68    75    74    80    83    85    88    94    97    102    105    106    111    134    
30    14    62    66    69    74    75    81    82    84    89    95    96    103    104    107    110    115    
31    15    65    106    107    112    115    119    120    130    133    160    161    208    211    325    456    
32    0    48    47    35    44    126    140    153    182    221    270    427    
33    1    49    36    40    44    45    176    177    257    256    413    504    
34    2    43    39    35    41    13    136    177    256    257    412    505    
35    3    34    40    10    32    130    141    152    183    220    271    426    
36    4    11    45    41    37    33    48    118    124    127    133    132    163    
37    5    38    44    40    36    9    89    93    103    111    120    132    166    226    
38    6    43    39    47    41    37    84    88    92    102    133    167    227    475    
39    7    46    42    38    12    34    13    119    118    125    126    132    133    162    165    
40    8    41    35    37    11    33    116    119    123    124    130    131    152    153    
41    9    38    40    10    34    36    86    87    92    93    98    101    106    109    
42    10    39    43    47    45    8    80    86    93    92    99    100    107    109    
43    11    14    46    38    42    34    118    122    125    131    130    153    
44    12    4    45    37    13    33    32    71    90    95    96    101    102    107    
45    13    5    42    14    44    36    33    115    114    121    124    134    135    168    171    
46    14    6    39    43    15    114    120    125    135    134    169    
47    15    7    42    38    10    12    32    86    91    94    97    100    103    105    
48    0    8    32    13    36    49    50    52    53    131    
49    1    9    33    8    48    9    247    258    419    
50    51    3    0    5    48    126    138    178    420    
51    50    0    3    6    127    139    179    421    
52    53    5    48    3    19    126    140    184    472    
53    52    6    3    48    16    127    141    185    473    
54    55    16    21    19    128    142    214    476    
55    54    19    22    16    129    143    215    477    
56    57    16    19    21    128    142    188    478    
57    56    19    16    22    129    143    189    479    
58    59    16    19    21    128    142    236    430    
59    58    19    16    22    129    143    237    431    
60    61    21    19    12    23    154    188    458    
61    60    22    16    11    28    155    189    459    
62    63    12    6    10    30    154    184    368    
63    62    15    5    9    21    155    185    369    
64    65    16    21    20    19    144    212    432    
65    64    19    22    31    16    145    213    433    
66    67    9    10    24    30    144    232    384    
67    66    10    9    27    29    145    233    385    
68    69    29    27    23    6    164    190    460    
69    68    30    24    20    5    165    191    461    
70    71    27    20    15    24    144    202    328    
71    70    16    23    44    19    145    203    329    
72    73    5    15    9    10    170    200    470    
73    72    4    12    10    9    171    201    471    
74    75    30    0    23    29    138    234    462    
75    74    29    2    20    30    139    235    463    
76    77    24    18    12    20    146    200    330    
77    76    27    25    15    23    147    201    331    
78    79    6    27    20    15    162    222    434    
79    78    5    24    23    12    163    223    435    
80    81    9    42    23    29    170    212    482    
81    80    10    9    20    30    171    213    483    
82    83    30    17    18    24    146    234    400    
83    82    29    26    17    27    147    235    401    
84    85    27    38    12    30    154    224    374    
85    84    24    5    15    29    155    225    375    
86    87    27    47    41    42    172    192    448    
87    86    24    12    10    41    173    193    449    
88    89    17    18    29    38    164    250    484    
89    88    18    17    30    37    165    251    485    
90    91    23    44    24    20    146    202    334    
91    90    20    47    27    23    147    203    335    
92    93    27    38    41    42    156    244    436    
93    92    24    37    42    41    157    245    437    
94    95    47    17    18    29    174    242    486    
95    94    44    18    17    30    175    243    487    
96    97    44    24    20    30    148    204    336    
97    96    47    27    23    29    149    205    337    
98    99    23    15    24    41    148    198    464    
99    98    20    8    27    42    149    199    465    
100    101    42    47    17    18    172    252    450    
101    100    41    44    18    17    173    253    451    
102    103    29    44    38    20    156    224    356    
103    102    30    47    37    23    157    225    357    
104    105    30    27    23    28    156    236    438    
105    104    29    24    20    47    157    237    439    
106    107    41    31    28    29    158    206    488    
107    106    42    44    31    30    159    207    489    
108    109    26    25    17    18    172    252    494    
109    108    41    42    18    17    173    253    495    
110    111    24    22    20    30    148    228    358    
111    110    27    37    23    29    149    229    359    
112    113    27    23    18    31    174    194    452    
113    112    24    20    17    28    175    195    453    
114    115    28    46    45    26    158    238    394    
115    114    31    45    30    25    159    239    395    
116    117    17    22    25    40    150    226    496    
117    116    18    21    26    27    151    227    497    
118    119    36    39    43    28    158    216    440    
119    118    39    20    40    31    159    217    441    
120    121    37    46    31    18    168    254    454    
121    120    6    45    28    17    169    255    455    
122    123    43    22    26    17    166    244    442    
123    122    40    21    25    18    167    245    443    
124    125    45    40    36    25    150    216    490    
125    124    46    43    39    26    151    217    491    
126    127    39    50    52    32    138    180    266    
127    126    36    51    53    3    139    181    267    
128    129    54    56    58    26    162    186    276    
129    128    55    57    59    25    163    187    277    
130    131    35    40    43    31    150    180    444    
131    130    48    43    40    28    151    181    445    
132    133    28    39    36    37    160    218    466    
133    132    31    36    39    38    161    219    467    
134    135    22    29    45    46    166    238    480    
135    134    21    22    46    45    167    239    481    
136    137    25    17    34    254    498    
137    136    26    18    17    255    499    
138    139    74    126    50    178    262    
139    138    75    127    51    179    263    
140    141    52    32    26    182    396    
141    140    53    35    25    183    397    
142    143    54    56    58    186    278    
143    142    55    57    59    187    279    
144    145    64    70    66    190    284    
145    144    65    71    67    191    285    
146    147    76    82    90    192    288    
147    146    77    83    91    193    289    
148    149    96    98    110    194    292    
149    148    97    99    111    195    293    
150    151    116    124    130    196    296    
151    150    117    125    131    197    297    
152    153    40    11    35    196    422    
153    152    43    40    32    197    423    
154    155    60    62    84    222    304    
155    154    61    63    85    223    305    
156    157    92    102    104    204    312    
157    156    93    103    105    205    313    
158    159    106    114    118    206    316    
159    158    107    115    119    207    317    
160    161    31    28    132    208    320    
161    160    28    31    133    209    321    
162    163    78    128    39    214    332    
163    162    79    129    36    215    333    
164    165    4    68    88    218    354    
165    164    39    69    89    219    355    
166    167    37    122    134    228    362    
167    166    38    123    135    229    363    
168    169    22    120    45    230    378    
169    168    21    121    46    231    379    
170    171    14    72    80    240    386    
171    170    45    73    81    241    387    
172    173    86    100    108    242    392    
173    172    87    101    109    243    393    
174    175    25    94    112    250    406    
175    174    26    95    113    251    407    
176    177    33    2    258    502    
177    176    18    34    33    259    503    
178    179    138    50    260    
179    178    139    51    261    
180    181    126    130    264    
181    180    127    131    265    
182    183    140    32    268    
183    182    141    35    269    
184    185    62    52    352    
185    184    63    53    353    
186    187    142    128    274    
187    186    143    129    275    
188    189    56    60    428    
189    188    57    61    429    
190    191    144    68    282    
191    190    145    69    283    
192    193    146    86    286    
193    192    147    87    287    
194    195    148    112    290    
195    194    149    113    291    
196    197    150    152    294    
197    196    151    153    295    
198    199    8    98    298    
199    198    11    99    299    
200    201    72    76    306    
201    200    73    77    307    
202    203    70    90    308    
203    202    71    91    309    
204    205    96    156    310    
205    204    97    157    311    
206    207    106    158    314    
207    206    107    159    315    
208    209    160    31    318    
209    208    161    28    319    
210    211    28    11    322    
211    210    31    8    323    
212    213    64    80    326    
213    212    65    81    327    
214    215    54    162    272    
215    214    55    163    273    
216    217    118    124    342    
217    216    119    125    343    
218    219    132    164    344    
219    218    133    165    345    
220    221    7    35    424    
221    220    4    32    425    
222    223    154    78    302    
223    222    155    79    303    
224    225    84    102    338    
225    224    85    103    339    
226    227    37    116    360    
227    226    38    117    361    
228    229    166    110    340    
229    228    167    111    341    
230    231    168    22    364    
231    230    169    21    365    
232    233    26    66    370    
233    232    25    67    371    
234    235    74    82    372    
235    234    75    83    373    
236    237    58    104    280    
237    236    59    105    281    
238    239    114    134    376    
239    238    115    135    377    
240    241    170    13    380    
241    240    171    14    381    
242    243    172    94    388    
243    242    173    95    389    
244    245    92    122    390    
245    244    93    123    391    
246    247    2    25    416    
247    246    49    26    417    
248    249    14    4    346    
249    248    13    7    347    
250    251    88    174    402    
251    250    89    175    403    
252    253    100    108    404    
253    252    101    109    405    
254    255    120    136    408    
255    254    121    137    409    
256    257    34    33    410    
257    256    33    34    411    
258    259    176    49    414    
259    258    177    2    415    
260    261    178    
261    260    179    
262    263    138    
263    262    139    
264    265    180    
265    264    181    
266    267    126    
267    266    127    
268    269    182    
269    268    183    
270    271    32    
271    270    35    
272    273    214    
273    272    215    
274    275    186    
275    274    187    
276    277    128    
277    276    129    
278    279    142    
279    278    143    
280    281    236    
281    280    237    
282    283    190    
283    282    191    
284    285    144    
285    284    145    
286    287    192    
287    286    193    
288    289    146    
289    288    147    
290    291    194    
291    290    195    
292    293    148    
293    292    149    
294    295    196    
295    294    197    
296    297    150    
297    296    151    
298    299    198    
299    298    199    
300    301    8    
301    300    11    
302    303    222    
303    302    223    
304    305    154    
305    304    155    
306    307    200    
307    306    201    
308    309    202    
309    308    203    
310    311    204    
311    310    205    
312    313    156    
313    312    157    
314    315    206    
315    314    207    
316    317    158    
317    316    159    
318    319    208    
319    318    209    
320    321    160    
321    320    161    
322    323    210    
323    322    211    
324    325    28    
325    324    31    
326    327    212    
327    326    213    
328    329    70    
329    328    71    
330    331    76    
331    330    77    
332    333    162    
333    332    163    
334    335    90    
335    334    91    
336    337    96    
337    336    97    
338    339    224    
339    338    225    
340    341    228    
341    340    229    
342    343    216    
343    342    217    
344    345    218    
345    344    219    
346    347    248    
347    346    249    
348    349    4    
349    348    7    
350    351    6    
351    350    7    
352    353    184    
353    352    185    
354    355    164    
355    354    165    
356    357    102    
357    356    103    
358    359    110    
359    358    111    
360    361    226    
361    360    227    
362    363    166    
363    362    167    
364    365    230    
365    364    231    
366    367    22    
367    366    21    
368    369    62    
369    368    63    
370    371    232    
371    370    233    
372    373    234    
373    372    235    
374    375    84    
375    374    85    
376    377    238    
377    376    239    
378    379    168    
379    378    169    
380    381    240    
381    380    241    
382    383    14    
383    382    13    
384    385    66    
385    384    67    
386    387    170    
387    386    171    
388    389    242    
389    388    243    
390    391    244    
391    390    245    
392    393    172    
393    392    173    
394    395    114    
395    394    115    
396    397    140    
397    396    141    
398    399    26    
399    398    25    
400    401    82    
401    400    83    
402    403    250    
403    402    251    
404    405    252    
405    404    253    
406    407    174    
407    406    175    
408    409    254    
409    408    255    
410    411    256    
411    410    257    
412    413    34    
413    412    33    
414    415    258    
415    414    259    
416    417    246    
417    416    247    
418    419    2    
419    418    49    
420    421    50    
421    420    51    
422    423    152    
423    422    153    
424    425    220    
425    424    221    
426    427    35    
427    426    32    
428    429    188    
429    428    189    
430    431    58    
431    430    59    
432    433    64    
433    432    65    
434    435    78    
435    434    79    
436    437    92    
437    436    93    
438    439    104    
439    438    105    
440    441    118    
441    440    119    
442    443    122    
443    442    123    
444    445    130    
445    444    131    
446    447    11    
447    446    8    
448    449    86    
449    448    87    
450    451    100    
451    450    101    
452    453    112    
453    452    113    
454    455    120    
455    454    121    
456    457    31    
457    456    28    
458    459    60    
459    458    61    
460    461    68    
461    460    69    
462    463    74    
463    462    75    
464    465    98    
465    464    99    
466    467    132    
467    466    133    
468    469    7    
469    468    4    
470    471    72    
471    470    73    
472    473    52    
473    472    53    
474    475    21    
475    474    38    
476    477    54    
477    476    55    
478    479    56    
479    478    57    
480    481    134    
481    480    135    
482    483    80    
483    482    81    
484    485    88    
485    484    89    
486    487    94    
487    486    95    
488    489    106    
489    488    107    
490    491    124    
491    490    125    
492    493    13    
493    492    14    
494    495    108    
495    494    109    
496    497    116    
497    496    117    
498    499    136    
499    498    137    
500    501    25    
501    500    26    
502    503    176    
503    502    177    
504    505    33    
505    504    34    
506    507    1    
507    506    2    
