0    1    2    4    8    16    19    34    
1    0    3    5    9    17    91    110    
2    0    6    10    35    50    88    90    111    
3    1    7    11    18    21    24    29    
4    0    12    16    28    41    40    43    68    103    
5    1    13    17    20    23    22    25    24    31    42    75    
6    2    14    15    21    22    23    24    25    27    30    
7    3    15    12    30    40    41    69    102    
8    0    16    13    19    20    39    52    58    97    
9    1    17    15    26    27    33    32    36    51    
10    2    13    17    27    26    32    33    37    50    109    
11    3    14    12    16    28    38    53    59    96    
12    4    15    7    11    31    32    49    62    99    
13    5    10    8    19    21    23    26    30    46    106    
14    6    15    11    18    20    22    31    47    74    107    
15    7    14    6    12    9    18    29    33    48    63    98    
16    0    4    8    11    17    25    28    29    
17    1    5    9    10    16    89    108    
18    19    3    14    15    46    92    
19    18    0    13    8    47    93    
20    21    5    8    14    36    78    
21    20    6    3    13    37    79    
22    23    6    5    14    42    80    
23    22    5    6    13    43    81    
24    25    3    6    5    44    94    
25    24    16    5    6    45    95    
26    27    13    9    10    48    104    
27    26    6    10    9    49    105    
28    29    16    11    4    34    64    
29    28    3    16    15    35    65    
30    31    7    6    13    44    100    
31    30    12    5    14    45    101    
32    33    12    10    9    38    84    
33    32    15    9    10    39    85    
34    35    0    28    54    
35    34    2    29    55    
36    37    9    20    56    
37    36    10    21    57    
38    39    11    32    60    
39    38    8    33    61    
40    41    7    4    66    
41    40    4    7    67    
42    43    5    22    70    
43    42    4    23    71    
44    45    24    30    72    
45    44    25    31    73    
46    47    18    13    76    
47    46    19    14    77    
48    49    15    26    82    
49    48    12    27    83    
50    51    10    2    86    
51    50    9    87    
52    53    8    
53    52    11    
54    55    34    
55    54    35    
56    57    36    
57    56    37    
58    59    8    
59    58    11    
60    61    38    
61    60    39    
62    63    12    
63    62    15    
64    65    28    
65    64    29    
66    67    40    
67    66    41    
68    69    4    
69    68    7    
70    71    42    
71    70    43    
72    73    44    
73    72    45    
74    75    14    
75    74    5    
76    77    46    
77    76    47    
78    79    20    
79    78    21    
80    81    22    
81    80    23    
82    83    48    
83    82    49    
84    85    32    
85    84    33    
86    87    50    
87    86    51    
88    89    2    
89    88    17    
90    91    2    
91    90    1    
92    93    18    
93    92    19    
94    95    24    
95    94    25    
96    97    11    
97    96    8    
98    99    15    
99    98    12    
100    101    30    
101    100    31    
102    103    7    
103    102    4    
104    105    26    
105    104    27    
106    107    13    
107    106    14    
108    109    17    
109    108    10    
110    111    1    
111    110    2    
