0    1    2    4    8    26    
1    0    3    5    9    27    
2    0    6    10    16    48    
3    1    7    11    17    26    29    
4    0    12    18    
5    1    13    19    38    43    
6    2    14    20    28    31    
7    3    15    21    
8    0    22    24    34    36    41    
9    1    23    25    37    40    46    
10    2    35    40    42    48    
11    3    30    33    34    43    47    
12    4    31    32    33    36    39    46    
13    5    37    38    49    
14    6    32    47    
15    7    45    44    
16    2    21    17    
17    3    16    39    42    
18    4    25    19    
19    5    24    18    
20    6    21    25    
21    7    20    16    24    
22    8    24    27    29    28    30    
23    9    25    49    
24    8    22    21    19    44    45    
25    9    23    20    18    
26    27    0    3    
27    26    1    22    
28    29    6    22    
29    28    22    3    
30    31    22    11    
31    30    6    12    
32    33    12    14    
33    32    11    12    
34    35    8    11    
35    34    10    
36    37    8    12    
37    36    9    13    
38    39    5    13    
39    38    17    12    
40    41    10    9    
41    40    8    
42    43    10    17    
43    42    11    5    
44    45    24    15    
45    44    15    24    
46    47    12    9    
47    46    14    11    
48    49    10    2    
49    48    13    23    
