0    1    2    4    8    426    
1    0    3    5    9    427    
2    0    6    10    16    
3    1    7    11    17    426    429    
4    0    12    18    30    469    550    
5    1    13    19    31    472    565    
6    2    14    20    32    471    552    
7    3    15    21    33    470    553    
8    0    22    34    56    445    452    
9    1    23    35    57    642    
10    2    24    36    58    447    
11    3    25    37    59    446    
12    4    26    38    60    454    643    
13    5    27    39    61    455    642    
14    6    28    40    62    621    
15    7    29    41    63    448    457    
16    2    42    64    104    431    
17    3    43    65    105    430    
18    4    44    66    106    466    549    
19    5    45    67    107    467    548    
20    6    46    68    108    
21    7    47    69    109    450    469    
22    8    48    70    110    427    428    
23    9    49    71    111    
24    10    50    72    112    
25    11    51    73    113    432    433    
26    12    52    74    114    558    
27    13    53    75    115    590    
28    14    54    76    116    
29    15    55    77    117    
30    4    78    118    192    497    496    
31    5    79    119    193    496    497    
32    6    80    120    194    
33    7    81    121    195    
34    8    82    122    196    430    
35    9    83    123    197    431    
36    10    84    124    198    
37    11    85    125    199    
38    12    86    126    200    
39    13    87    127    201    637    
40    14    88    128    202    
41    15    89    129    203    
42    16    90    130    204    429    
43    17    91    131    205    428    
44    18    92    132    206    
45    19    93    133    207    
46    20    94    134    208    
47    21    95    135    209    
48    22    96    136    210    
49    23    97    137    211    
50    24    98    138    212    604    
51    25    99    139    213    605    
52    26    100    140    214    624    
53    27    101    141    215    625    
54    28    102    142    216    520    
55    29    103    143    217    
56    8    144    218    312    436    
57    9    145    219    313    437    
58    10    146    220    314    
59    11    147    221    315    434    441    
60    12    148    222    316    583    
61    13    149    223    317    
62    14    150    224    318    552    645    
63    15    151    225    319    553    644    
64    16    152    226    320    
65    17    153    227    321    
66    18    154    228    486    513    680    
67    19    155    229    487    512    
68    20    156    230    
69    21    157    231    681    
70    22    158    232    322    
71    23    159    233    323    
72    24    160    234    
73    25    161    235    
74    26    162    236    560    681    
75    27    163    237    617    680    
76    28    164    238    616    
77    29    165    239    561    
78    30    166    240    324    475    542    
79    31    167    241    325    474    543    
80    32    168    242    326    473    564    
81    33    169    243    327    468    551    
82    34    170    244    328    
83    35    171    245    329    
84    36    172    246    
85    37    173    247    
86    38    174    248    532    644    
87    39    175    249    533    641    
88    40    176    250    640    
89    41    177    251    645    
90    42    178    252    330    660    
91    43    179    253    331    661    
92    44    180    254    
93    45    181    255    517    
94    46    182    256    516    
95    47    183    257    
96    48    184    258    332    
97    49    185    259    333    
98    50    186    260    
99    51    187    261    
100    52    188    262    492    
101    53    189    263    
102    54    190    264    498    
103    55    191    265    493    499    
104    16    266    334    398    
105    17    267    335    399    
106    18    268    336    455    476    478    531    
107    19    269    337    477    524    530    677    
108    20    270    338    525    633    676    
109    21    271    339    454    479    632    
110    22    272    340    400    
111    23    273    341    401    
112    24    274    342    
113    25    275    343    
114    26    276    344    
115    27    277    345    533    
116    28    278    346    532    
117    29    279    347    
118    30    280    348    463    483    522    528    
119    31    281    349    482    523    
120    32    282    350    624    
121    33    283    351    462    529    625    
122    34    284    352    
123    35    285    353    
124    36    
125    37    
126    38    462    464    565    571    
127    39    463    465    555    564    567    570    
128    40    554    566    
129    41    
130    42    286    354    664    
131    43    287    355    665    
132    44    488    492    503    513    
133    45    489    493    498    502    508    512    629    653    
134    46    499    509    628    652    
135    47    
136    48    288    356    
137    49    289    357    
138    50    626    650    672    
139    51    627    673    
140    52    609    670    683    
141    53    671    
142    54    671    
143    55    608    670    682    
144    56    290    358    402    450    665    
145    57    291    359    403    451    664    
146    58    292    360    443    643    
147    59    293    361    442    444    453    
148    60    294    362    449    456    666    
149    61    295    363    620    667    
150    62    296    364    545    582    604    
151    63    297    365    544    605    
152    64    298    366    
153    65    299    367    
154    66    480    482    519    525    634    658    
155    67    481    483    518    524    
156    68    657    679    
157    69    635    656    659    678    
158    70    300    368    
159    71    301    369    
160    72    
161    73    
162    74    586    602    609    635    
163    75    569    581    608    634    
164    76    568    580    
165    77    587    603    
166    78    302    370    686    
167    79    303    371    687    
168    80    304    372    502    687    
169    81    305    373    503    686    
170    82    306    374    560    
171    83    307    375    561    
172    84    
173    85    
174    86    538    546    
175    87    539    547    579    595    
176    88    578    594    638    662    
177    89    639    663    
178    90    308    376    649    
179    91    309    377    648    
180    92    
181    93    507    511    
182    94    506    510    
183    95    
184    96    310    378    
185    97    311    379    
186    98    
187    99    
188    100    480    484    
189    101    
190    102    506    510    
191    103    481    485    507    511    
192    30    380    404    491    504    662    
193    31    381    405    490    505    
194    32    382    406    457    616    
195    33    383    407    456    617    663    
196    34    384    408    434    
197    35    385    409    435    
198    36    367    
199    37    352    
200    38    315    
201    39    350    237    661    
202    40    379    636    660    
203    41    214    
204    42    386    410    
205    43    387    411    
206    44    361    323    
207    45    424    402    
208    46    237    
209    47    250    
210    48    388    412    540    
211    49    389    413    541    
212    50    367    405    598    
213    51    364    599    
214    52    203    591    648    
215    53    368    515    521    649    
216    54    365    514    627    651    
217    55    264    404    590    626    650    
218    56    390    414    
219    57    391    415    
220    58    437    441    618    
221    59    436    438    440    443    
222    60    458    460    557    569    589    599    
223    61    459    461    588    598    
224    62    595    600    611    614    
225    63    556    568    594    601    610    615    
226    64    
227    65    
228    66    377    315    322    544    610    
229    67    264    262    545    
230    68    347    231    353    349    
231    69    264    254    230    314    611    
232    70    
233    71    
234    72    365    339    606    
235    73    250    260    
236    74    263    264    572    659    
237    75    208    406    201    597    658    
238    76    379    377    255    596    
239    77    264    260    250    573    
240    78    477    479    528    534    
241    79    476    478    529    535    
242    80    465    467    576    592    
243    81    464    466    575    577    593    
244    82    636    
245    83    637    651    
246    84    251    351    
247    85    260    262    
248    86    379    421    546    
249    87    260    254    547    613    
250    88    263    239    419    375    209    371    369    235    333    329    353    612    684    
251    89    264    262    370    246    685    
252    90    682    
253    91    683    
254    92    231    249    351    401    425    494    562    
255    93    238    362    348    563    
256    94    265    257    
257    95    256    364    374    332    495    
258    96    628    652    
259    97    629    653    
260    98    347    239    407    331    351    355    247    249    235    
261    99    264    262    356    330    538    
262    100    251    261    373    247    363    229    317    486    666    
263    101    265    250    236    318    667    
264    102    265    239    217    251    261    319    231    345    413    399    229    236    500    
265    103    264    364    346    372    378    256    356    420    342    263    368    410    416    487    501    
266    104    392    416    
267    105    393    417    
268    106    336    451    453    468    470    472    543    
269    107    337    471    542    619    
270    108    338    618    633    647    
271    109    339    452    473    632    646    
272    110    394    418    
273    111    395    419    
274    112    342    630    
275    113    343    
276    114    344    
277    115    345    517    
278    116    346    516    591    
279    117    347    559    
280    118    459    461    485    489    504    508    514    518    
281    119    484    488    505    515    
282    120    668    
283    121    458    460    509    519    669    
284    122    
285    123    
286    130    
287    131    
288    136    
289    137    
290    144    396    420    435    440    
291    145    397    421    
292    146    360    
293    147    361    
294    148    362    
295    149    363    541    557    
296    150    364    534    540    550    567    579    
297    151    365    535    551    566    578    
298    152    
299    153    630    654    
300    158    
301    159    
302    166    370    
303    167    371    
304    168    372    494    
305    169    373    495    
306    170    584    600    
307    171    585    601    
308    178    376    
309    179    377    
310    184    378    631    655    674    
311    185    379    675    
312    56    422    424    438    
313    57    423    425    439    
314    58    231    580    596    622    
315    59    228    200    581    597    
316    60    417    490    623    
317    61    262    585    
318    62    263    570    584    
319    63    264    491    571    582    622    
320    64    321    350    
321    65    414    320    328    
322    70    421    228    
323    71    414    206    325    
324    78    377    574    586    640    
325    79    400    323    641    
326    80    343    
327    81    354    408    587    
328    82    367    321    
329    83    250    
330    90    261    
331    91    260    
332    96    257    
333    97    250    352    
334    104    531    537    
335    105    530    536    
336    106    268    361    474    537    677    
337    107    269    372    475    536    603    
338    108    270    377    602    
339    109    271    366    234    676    
340    110    
341    111    
342    112    274    265    612    
343    113    275    326    350    424    
344    114    276    365    
345    115    277    264    527    
346    116    278    265    522    526    
347    117    279    260    230    412    374    523    
348    118    255    367    558    
349    119    230    350    559    
350    120    377    343    415    201    349    320    646    
351    121    260    246    254    647    
352    122    367    333    199    414    
353    123    250    230    607    
354    130    327    375    672    688    
355    131    378    260    689    
356    136    265    261    
357    137    378    366    
358    144    439    442    444    446    
359    145    445    447    
360    146    292    373    
361    147    293    418    336    206    
362    148    294    255    620    
363    149    295    262    583    621    
364    150    296    265    257    213    555    556    574    
365    151    297    216    344    234    554    575    
366    152    339    357    415    614    
367    153    212    352    328    198    402    419    348    655    674    
368    158    265    215    
369    159    250    376    
370    166    302    251    
371    167    303    250    
372    168    304    265    417    337    500    
373    169    305    376    262    360    409    501    
374    170    257    347    539    572    
375    171    250    354    573    
376    178    308    373    379    369    669    
377    179    309    238    350    338    228    324    668    
378    184    310    265    411    355    357    654    675    
379    185    311    238    376    202    248    615    
380    192    404    606    
381    193    405    
382    194    406    
383    195    407    607    
384    196    408    433    432    
385    197    409    631    
386    204    410    
387    205    411    
388    210    412    576    588    
389    211    413    577    589    657    
390    218    684    
391    219    685    
392    266    416    678    
393    267    417    563    
394    272    418    
395    273    419    
396    290    420    
397    291    421    619    
398    104    403    521    527    
399    105    264    520    526    
400    110    325    
401    111    254    673    
402    144    367    207    448    
403    145    398    449    
404    192    380    217    638    
405    193    381    212    
406    194    382    237    
407    195    383    260    639    
408    196    384    327    
409    197    385    373    613    
410    204    386    265    
411    205    387    378    
412    210    388    347    548    562    
413    211    389    264    549    679    
414    218    323    321    352    
415    219    350    366    
416    266    392    265    656    
417    267    393    372    316    
418    272    394    361    
419    273    395    250    367    
420    290    396    265    
421    291    397    248    322    623    
422    312    424    
423    313    425    
424    312    422    343    207    592    
425    313    423    254    593    
426    427    0    3    
427    426    1    22    
428    429    22    43    
429    428    3    42    
430    431    34    17    
431    430    35    16    
432    433    25    384    
433    432    384    25    
434    435    59    196    
435    434    290    197    
436    437    56    221    
437    436    57    220    
438    439    221    312    
439    438    358    313    
440    441    290    221    
441    440    59    220    
442    443    147    358    
443    442    146    221    
444    445    358    147    
445    444    359    8    
446    447    358    11    
447    446    359    10    
448    449    15    402    
449    448    148    403    
450    451    21    144    
451    450    268    145    
452    453    271    8    
453    452    268    147    
454    455    12    109    
455    454    13    106    
456    457    148    195    
457    456    15    194    
458    459    222    283    
459    458    223    280    
460    461    222    283    
461    460    223    280    
462    463    126    121    
463    462    127    118    
464    465    126    243    
465    464    127    242    
466    467    18    243    
467    466    19    242    
468    469    268    81    
469    468    21    4    
470    471    268    7    
471    470    269    6    
472    473    5    268    
473    472    80    271    
474    475    79    336    
475    474    78    337    
476    477    241    106    
477    476    240    107    
478    479    241    106    
479    478    240    109    
480    481    154    188    
481    480    155    191    
482    483    119    154    
483    482    118    155    
484    485    188    281    
485    484    191    280    
486    487    262    66    
487    486    265    67    
488    489    281    132    
489    488    280    133    
490    491    193    316    
491    490    192    319    
492    493    100    132    
493    492    103    133    
494    495    254    304    
495    494    257    305    
496    497    31    30    
497    496    30    31    
498    499    102    133    
499    498    103    134    
500    501    372    264    
501    500    373    265    
502    503    168    133    
503    502    169    132    
504    505    192    280    
505    504    193    281    
506    507    182    190    
507    506    181    191    
508    509    133    280    
509    508    134    283    
510    511    182    190    
511    510    181    191    
512    513    133    67    
513    512    132    66    
514    515    280    216    
515    514    281    215    
516    517    94    278    
517    516    93    277    
518    519    280    155    
519    518    283    154    
520    521    54    399    
521    520    215    398    
522    523    346    118    
523    522    347    119    
524    525    155    107    
525    524    154    108    
526    527    399    346    
527    526    398    345    
528    529    118    240    
529    528    121    241    
530    531    107    335    
531    530    106    334    
532    533    116    86    
533    532    115    87    
534    535    296    240    
535    534    297    241    
536    537    337    335    
537    536    336    334    
538    539    261    174    
539    538    374    175    
540    541    210    296    
541    540    211    295    
542    543    269    78    
543    542    268    79    
544    545    151    228    
545    544    150    229    
546    547    248    174    
547    546    249    175    
548    549    412    19    
549    548    413    18    
550    551    296    4    
551    550    297    81    
552    553    6    62    
553    552    7    63    
554    555    365    128    
555    554    364    127    
556    557    225    364    
557    556    222    295    
558    559    348    26    
559    558    349    279    
560    561    170    74    
561    560    171    77    
562    563    254    412    
563    562    255    393    
564    565    127    80    
565    564    126    5    
566    567    297    128    
567    566    296    127    
568    569    164    225    
569    568    163    222    
570    571    127    318    
571    570    126    319    
572    573    374    236    
573    572    375    239    
574    575    364    324    
575    574    365    243    
576    577    388    242    
577    576    389    243    
578    579    297    176    
579    578    296    175    
580    581    164    314    
581    580    163    315    
582    583    319    150    
583    582    60    363    
584    585    318    306    
585    584    317    307    
586    587    162    324    
587    586    165    327    
588    589    388    223    
589    588    389    222    
590    591    27    217    
591    590    278    214    
592    593    424    242    
593    592    425    243    
594    595    225    176    
595    594    224    175    
596    597    238    314    
597    596    237    315    
598    599    212    223    
599    598    213    222    
600    601    224    306    
601    600    225    307    
602    603    162    338    
603    602    165    337    
604    605    150    50    
605    604    151    51    
606    607    234    380    
607    606    353    383    
608    609    143    163    
609    608    140    162    
610    611    225    228    
611    610    224    231    
612    613    250    342    
613    612    249    409    
614    615    366    224    
615    614    379    225    
616    617    194    76    
617    616    195    75    
618    619    220    270    
619    618    397    269    
620    621    149    362    
621    620    14    363    
622    623    319    314    
623    622    316    421    
624    625    120    52    
625    624    121    53    
626    627    217    138    
627    626    216    139    
628    629    134    258    
629    628    133    259    
630    631    299    274    
631    630    310    385    
632    633    271    109    
633    632    270    108    
634    635    154    163    
635    634    157    162    
636    637    244    202    
637    636    245    39    
638    639    404    176    
639    638    407    177    
640    641    88    324    
641    640    87    325    
642    643    13    9    
643    642    12    146    
644    645    63    86    
645    644    62    89    
646    647    350    271    
647    646    351    270    
648    649    179    214    
649    648    178    215    
650    651    217    138    
651    650    216    245    
652    653    134    258    
653    652    133    259    
654    655    299    378    
655    654    310    367    
656    657    416    157    
657    656    389    156    
658    659    154    237    
659    658    157    236    
660    661    90    202    
661    660    91    201    
662    663    192    176    
663    662    195    177    
664    665    130    145    
665    664    131    144    
666    667    148    262    
667    666    149    263    
668    669    377    282    
669    668    376    283    
670    671    140    143    
671    670    141    142    
672    673    138    354    
673    672    139    401    
674    675    310    367    
675    674    311    378    
676    677    108    339    
677    676    107    336    
678    679    392    157    
679    678    413    156    
680    681    66    75    
681    680    69    74    
682    683    252    143    
683    682    253    140    
684    685    390    250    
685    684    391    251    
686    687    166    169    
687    686    167    168    
688    689    354    
689    688    355    
