0    1    2    4    8    458    
1    0    3    5    9    855    
2    0    6    10    16    515    
3    1    7    11    17    860    
4    0    12    18    30    736    
5    1    13    19    31    
6    2    14    20    32    684    
7    3    15    21    33    
8    0    22    34    56    
9    1    23    35    57    518    863    
10    2    24    36    58    518    635    
11    3    25    37    59    858    
12    4    26    38    60    688    
13    5    27    39    61    
14    6    28    40    62    533    
15    7    29    41    63    
16    2    42    64    104    516    625    
17    3    43    65    105    762    
18    4    44    66    106    502    591    653    
19    5    45    67    107    
20    6    46    68    108    883    890    927    
21    7    47    69    109    521    598    
22    8    48    70    110    580    
23    9    49    71    111    547    
24    10    50    72    112    964    
25    11    51    73    113    624    867    
26    12    52    74    114    596    
27    13    53    75    115    710    
28    14    54    76    116    890    
29    15    55    77    117    788    
30    4    78    118    192    557    776    981    
31    5    79    119    193    818    
32    6    80    120    194    589    698    749    961    
33    7    81    121    195    567    906    
34    8    82    122    196    606    
35    9    83    123    197    
36    10    84    124    198    737    802    943    
37    11    85    125    199    500    
38    12    86    126    200    
39    13    87    127    201    726    1035    
40    14    88    128    202    
41    15    89    129    203    840    
42    16    90    130    204    1051    
43    17    91    131    205    1000    
44    18    92    132    206    776    
45    19    93    133    207    
46    20    94    134    208    
47    21    95    135    209    552    641    
48    22    96    136    210    
49    23    97    137    211    1084    
50    24    98    138    212    885    942    
51    25    99    139    213    674    
52    26    100    140    214    590    
53    27    101    141    215    935    
54    28    102    142    216    760    
55    29    103    143    217    1032    
56    8    144    218    312    486    
57    9    145    219    313    849    
58    10    146    220    314    442    787    1063    
59    11    147    221    315    
60    12    148    222    316    468    
61    13    149    223    317    579    
62    14    150    224    318    577    944    
63    15    151    225    319    757    
64    16    152    226    320    960    
65    17    153    227    321    1006    
66    18    154    228    572    600    727    
67    19    155    229    685    876    1054    
68    20    156    230    
69    21    157    231    489    902    980    
70    22    158    232    322    750    871    
71    23    159    233    323    645    984    
72    24    160    234    491    1078    
73    25    161    235    721    970    
74    26    162    236    439    797    812    
75    27    163    237    505    672    703    759    830    
76    28    164    238    827    898    
77    29    165    239    579    758    
78    30    166    240    324    682    1045    
79    31    167    241    325    763    788    
80    32    168    242    326    
81    33    169    243    327    825    
82    34    170    244    328    838    
83    35    171    245    329    616    
84    36    172    246    796    866    987    
85    37    173    247    526    870    969    
86    38    174    248    646    692    839    1083    
87    39    175    249    793    1066    
88    40    176    250    494    918    1057    
89    41    177    251    742    800    
90    42    178    252    330    676    
91    43    179    253    331    
92    44    180    254    832    1085    
93    45    181    255    483    913    
94    46    182    256    477    512    623    
95    47    183    257    451    503    856    870    
96    48    184    258    332    436    
97    49    185    259    333    
98    50    186    260    448    
99    51    187    261    539    830    1018    1023    
100    52    188    262    428    564    
101    53    189    263    511    602    765    912    981    1089    
102    54    190    264    432    569    668    
103    55    191    265    433    809    1025    
104    16    266    334    398    433    668    
105    17    267    335    399    884    
106    18    268    336    520    662    
107    19    269    337    455    958    
108    20    270    338    513    591    706    823    
109    21    271    339    626    655    1040    
110    22    272    340    400    899    924    
111    23    273    341    401    969    
112    24    274    342    721    923    958    
113    25    275    343    656    824    917    955    1061    
114    26    276    344    512    557    886    
115    27    277    345    712    824    1047    
116    28    278    346    766    
117    29    279    347    972    997    
118    30    280    348    782    802    
119    31    281    349    543    657    1050    
120    32    282    350    546    
121    33    283    351    585    
122    34    284    352    436    438    545    771    1029    
123    35    285    353    607    853    1008    1078    
124    36    444    739    746    873    938    1019    1083    
125    37    651    765    819    933    1022    
126    38    480    484    498    650    923    
127    39    836    906    910    965    988    
128    40    695    724    728    757    954    959    
129    41    742    865    874    966    
130    42    286    354    991    
131    43    287    355    735    794    
132    44    575    634    772    807    809    978    1041    
133    45    654    700    
134    46    429    478    523    536    562    599    621    931    1052    1077    
135    47    932    1042    1079    
136    48    288    356    954    
137    49    289    357    
138    50    752    779    919    946    962    1072    1093    
139    51    675    679    902    1020    
140    52    488    619    643    723    730    841    932    946    1085    
141    53    755    861    967    1064    
142    54    487    548    565    774    904    
143    55    
144    56    290    358    402    473    611    
145    57    291    359    403    538    649    897    
146    58    292    360    544    684    741    
147    59    293    361    691    1028    
148    60    294    362    458    580    595    729    
149    61    295    363    
150    62    296    364    437    514    578    
151    63    297    365    476    686    
152    64    298    366    509    601    630    
153    65    299    367    494    679    711    
154    66    504    528    589    714    770    
155    67    693    956    1056    1058    
156    68    462    466    566    605    709    881    1058    1065    
157    69    453    664    714    764    801    861    
158    70    300    368    459    648    773    889    
159    71    301    369    
160    72    473    535    568    767    1037    
161    73    563    581    768    797    826    1014    1016    
162    74    551    716    758    761    814    901    1036    
163    75    461    600    624    683    896    968    
164    76    626    699    747    768    826    898    
165    77    655    814    
166    78    302    370    669    852    951    
167    79    303    371    930    
168    80    304    372    573    646    740    
169    81    305    373    635    897    990    1044    
170    82    306    374    676    805    1016    
171    83    307    375    743    810    952    1045    
172    84    612    663    694    744    1013    
173    85    513    730    912    
174    86    744    934    
175    87    833    835    857    865    924    1064    
176    88    446    604    637    657    852    1063    
177    89    560    577    588    777    803    829    915    
178    90    308    376    794    1090    
179    91    309    377    868    
180    92    474    623    834    974    1031    
181    93    475    567    631    705    756    785    808    837    855    951    1054    
182    94    492    559    564    677    681    795    799    806    885    891    903    
183    95    431    522    712    976    1043    1059    
184    96    310    378    485    702    715    
185    97    311    379    900    979    1039    
186    98    592    629    669    803    1074    
187    99    670    834    839    937    978    1037    1049    
188    100    426    656    947    1034    1036    
189    101    632    980    1005    1062    
190    102    437    539    593    634    734    853    976    1091    
191    103    689    862    950    
192    30    380    404    636    
193    31    381    405    659    691    
194    32    382    406    464    773    
195    33    383    407    
196    34    384    408    823    1014    1017    
197    35    385    409    1080    
198    36    367    917    940    
199    37    352    726    728    907    1020    
200    38    315    500    652    891    909    1080    
201    39    350    237    481    713    770    840    842    
202    40    379    442    1049    
203    41    214    748    913    1032    
204    42    386    410    493    575    784    
205    43    387    411    584    
206    44    361    323    486    497    731    838    973    982    
207    45    424    402    465    633    685    741    1052    
208    46    237    542    562    613    717    835    941    974    
209    47    250    774    1042    
210    48    388    412    484    622    901    
211    49    389    413    894    
212    50    367    405    750    783    804    889    895    991    
213    51    364    445    531    836    982    1061    
214    52    203    618    652    1034    
215    53    368    678    
216    54    365    434    667    729    928    1011    1073    
217    55    264    404    441    465    551    698    
218    56    390    414    440    585    605    779    791    845    850    995    
219    57    391    415    692    846    949    
220    58    490    661    731    
221    59    995    1024    1038    
222    60    450    483    688    832    843    
223    61    571    733    937    
224    62    469    482    496    527    665    732    996    
225    63    522    540    644    993    
226    64    672    772    904    1027    
227    65    627    878    929    948    
228    66    377    315    322    542    544    
229    67    264    262    445    535    571    
230    68    347    231    353    349    620    1056    
231    69    264    254    230    314    821    828    970    
232    70    434    650    979    1039    1067    1069    
233    71    681    829    895    961    1090    
234    72    365    339    566    819    911    956    1009    
235    73    250    260    666    777    949    
236    74    263    264    441    480    491    528    769    
237    75    208    406    201    749    767    1086    
238    76    379    377    255    1060    
239    77    264    260    250    658    795    812    
240    78    611    667    680    786    1046    
241    79    525    536    608    893    1046    1059    1071    
242    80    456    460    554    582    599    1031    
243    81    615    638    693    
244    82    495    574    613    673    798    975    986    
245    83    700    754    787    805    
246    84    251    351    524    739    796    943    
247    85    260    262    457    
248    86    379    421    468    612    709    727    907    
249    87    260    254    1003    
250    88    263    239    419    375    209    371    369    235    333    329    353    452    677    850    
251    89    264    262    370    246    435    
252    90    842    844    910    953    975    986    1007    
253    91    614    1004    1043    1081    
254    92    231    249    351    401    425    725    972    1040    
255    93    238    362    348    559    594    781    815    
256    94    265    257    618    1013    
257    95    256    364    374    332    881    
258    96    440    653    806    859    936    948    
259    97    637    831    939    
260    98    347    239    407    331    351    355    247    249    235    808    882    927    967    1087    
261    99    264    262    356    330    597    847    900    
262    100    251    261    373    247    363    229    317    426    508    
263    101    265    250    236    318    471    701    
264    102    265    239    217    251    261    319    231    345    413    399    229    236    641    1062    
265    103    264    364    346    372    378    256    356    420    342    263    368    410    416    443    699    884    
266    104    392    416    463    534    877    1073    
267    105    393    417    708    813    888    1089    
268    106    336    598    892    964    1081    
269    107    337    447    541    
270    108    338    708    922    977    
271    109    339    807    820    867    1029    
272    110    394    418    640    675    736    
273    111    395    419    
274    112    342    587    848    933    999    1082    
275    113    343    639    793    1012    
276    114    344    531    532    665    1038    
277    115    345    762    
278    116    346    501    642    710    
279    117    347    962    
280    118    515    523    651    678    719    732    843    848    1025    
281    119    648    
282    120    546    560    775    817    837    957    959    1011    1055    
283    121    543    573    903    914    1044    
284    122    548    628    658    771    828    921    
285    123    
286    130    510    597    633    636    854    1001    
287    131    586    661    792    1002    1015    
288    136    447    453    470    704    753    821    886    
289    137    707    957    968    1053    1084    1086    
290    144    396    420    561    680    869    918    
291    145    397    421    674    743    
292    146    360    517    554    592    738    
293    147    361    583    682    695    887    1019    1026    
294    148    362    547    629    925    1030    
295    149    363    925    996    1068    1071    
296    150    364    455    467    534    555    
297    151    365    488    504    763    926    
298    152    718    722    
299    153    463    467    466    511    529    654    
300    158    479    482    496    640    671    753    
301    159    569    747    810    1033    
302    166    370    638    888    966    
303    167    371    556    563    735    864    928    
304    168    372    429    449    506    586    627    1048    
305    169    373    583    801    920    989    994    
306    170    690    720    755    1018    1035    
307    171    507    643    754    791    880    930    1076    
308    178    376    503    734    846    849    911    914    
309    179    377    798    977    1055    
310    184    378    444    595    882    1008    
311    185    379    998    1088    
312    56    422    424    448    555    645    780    825    
313    57    423    425    529    863    936    1070    
314    58    231    506    509    530    549    644    983    
315    59    228    200    859    880    883    952    992    1027    1069    
316    60    417    456    492    508    799    
317    61    262    1066    
318    62    263    647    
319    63    264    690    864    993    
320    64    321    350    724    1015    1088    
321    65    414    320    328    703    833    841    
322    70    421    228    464    470    781    939    945    
323    71    414    206    325    625    921    945    953    
324    78    377    532    711    751    759    789    858    1079    
325    79    400    323    827    860    926    
326    80    343    427    740    790    872    
327    81    354    408    683    789    915    997    
328    82    367    321    722    950    985    
329    83    250    499    603    664    879    944    
330    90    261    778    780    947    
331    91    260    519    616    673    874    1006    
332    96    257    590    752    876    935    1007    1077    
333    97    250    352    485    737    847    
334    104    545    570    572    628    719    1091    
335    105    462    472    649    660    697    1010    
336    106    268    361    764    
337    107    269    372    1060    
338    108    270    377    487    594    596    
339    109    271    366    234    822    871    877    
340    110    533    540    792    820    
341    111    461    965    1092    
342    112    274    265    574    785    999    
343    113    275    326    350    424    550    1012    
344    114    276    365    816    
345    115    277    264    479    593    615    887    
346    116    278    265    476    495    520    705    
347    117    279    260    230    412    374    568    960    1057    
348    118    255    367    497    697    866    1003    
349    119    230    350    1033    1047    
350    120    377    343    415    201    349    320    432    526    
351    121    260    246    254    521    621    988    
352    122    367    333    199    414    565    617    666    775    1065    
353    123    250    230    525    1053    
354    130    327    375    454    460    687    783    983    
355    131    378    260    845    1004    
356    136    265    261    702    715    733    1010    1021    
357    137    378    366    893    941    
358    144    687    815    856    1026    
359    145    549    581    584    620    
360    146    292    373    438    606    647    
361    147    293    418    336    206    
362    148    294    255    446    642    725    909    989    
363    149    295    262    
364    150    296    265    257    213    439    998    
365    151    297    216    344    234    1028    
366    152    339    357    415    427    499    632    670    1075    
367    153    212    352    328    198    402    419    348    477    478    603    1023    
368    158    265    215    694    
369    159    250    376    769    916    985    
370    166    302    251    430    761    992    1067    
371    167    303    250    556    1048    
372    168    304    265    417    337    524    610    
373    169    305    376    262    360    409    493    745    920    
374    170    257    347    469    718    
375    171    250    354    517    537    607    1076    
376    178    308    373    379    369    782    905    942    
377    179    309    238    350    338    228    324    934    
378    184    310    265    411    355    357    505    510    869    
379    185    311    238    376    202    248    671    723    751    875    
380    192    404    428    430    507    561    
381    193    405    553    696    1050    
382    194    406    474    588    
383    195    407    908    
384    196    408    481    501    570    660    892    
385    197    409    971    1087    
386    204    410    451    604    617    987    
387    205    411    489    527    541    619    686    1002    
388    210    412    514    516    818    831    
389    211    413    449    817    
390    218    538    576    659    713    
391    219    786    854    872    955    1001    1009    1041    
392    266    416    748    756    
393    267    417    631    704    760    875    
394    272    418    490    582    608    
395    273    419    471    587    745    971    
396    290    420    435    811    994    1024    
397    291    421    919    1021    1070    
398    104    403    609    716    813    938    1005    
399    105    264    450    454    622    717    929    
400    110    325    459    558    610    
401    111    254    931    990    1017    1051    
402    144    367    207    578    784    1000    
403    145    398    457    552    879    
404    192    380    217    602    
405    193    381    212    1075    
406    194    382    237    472    530    
407    195    383    260    844    908    
408    196    384    327    800    873    894    
409    197    385    373    
410    204    386    265    431    922    
411    205    387    378    738    790    
412    210    388    347    498    706    
413    211    389    264    475    639    851    
414    218    323    321    352    916    1022    
415    219    350    366    601    707    851    857    868    973    
416    266    392    265    443    662    905    
417    267    393    372    316    537    816    
418    272    394    361    862    
419    273    395    250    367    689    963    
420    290    396    265    452    
421    291    397    248    322    519    609    
422    312    424    502    896    963    
423    313    425    696    
424    312    422    343    207    550    663    811    899    984    
425    313    423    254    701    1072    
426    427    188    262    
427    426    326    366    
428    429    100    380    
429    428    134    304    
430    431    380    370    
431    430    183    410    
432    433    350    102    
433    432    103    104    
434    435    232    216    
435    434    251    396    
436    437    122    96    
437    436    150    190    
438    439    360    122    
439    438    364    74    
440    441    258    218    
441    440    217    236    
442    443    58    202    
443    442    416    265    
444    445    310    124    
445    444    229    213    
446    447    176    362    
447    446    269    288    
448    449    98    312    
449    448    304    389    
450    451    222    399    
451    450    95    386    
452    453    420    250    
453    452    157    288    
454    455    354    399    
455    454    107    296    
456    457    316    242    
457    456    403    247    
458    459    0    148    
459    458    158    400    
460    461    242    354    
461    460    341    163    
462    463    156    335    
463    462    299    266    
464    465    194    322    
465    464    217    207    
466    467    156    299    
467    466    299    296    
468    469    60    248    
469    468    224    374    
470    471    322    288    
471    470    263    395    
472    473    335    406    
473    472    160    144    
474    475    382    180    
475    474    413    181    
476    477    151    346    
477    476    94    367    
478    479    134    367    
479    478    345    300    
480    481    126    236    
481    480    201    384    
482    483    224    300    
483    482    222    93    
484    485    210    126    
485    484    333    184    
486    487    206    56    
487    486    142    338    
488    489    140    297    
489    488    69    387    
490    491    394    220    
491    490    72    236    
492    493    182    316    
493    492    373    204    
494    495    153    88    
495    494    346    244    
496    497    224    300    
497    496    206    348    
498    499    412    126    
499    498    329    366    
500    501    200    37    
501    500    384    278    
502    503    18    422    
503    502    95    308    
504    505    297    154    
505    504    378    75    
506    507    304    314    
507    506    307    380    
508    509    262    316    
509    508    314    152    
510    511    378    286    
511    510    101    299    
512    513    94    114    
513    512    173    108    
514    515    388    150    
515    514    2    280    
516    517    388    16    
517    516    375    292    
518    519    10    9    
519    518    421    331    
520    521    346    106    
521    520    351    21    
522    523    225    183    
523    522    134    280    
524    525    372    246    
525    524    353    241    
526    527    85    350    
527    526    224    387    
528    529    236    154    
529    528    313    299    
530    531    314    406    
531    530    276    213    
532    533    324    276    
533    532    14    340    
534    535    296    266    
535    534    229    160    
536    537    134    241    
537    536    375    417    
538    539    145    390    
539    538    99    190    
540    541    340    225    
541    540    269    387    
542    543    208    228    
543    542    119    283    
544    545    146    228    
545    544    122    334    
546    547    120    282    
547    546    23    294    
548    549    284    142    
549    548    314    359    
550    551    343    424    
551    550    162    217    
552    553    47    403    
553    552    381    
554    555    292    242    
555    554    312    296    
556    557    303    371    
557    556    114    30    
558    559    400    
559    558    255    182    
560    561    177    282    
561    560    290    380    
562    563    208    134    
563    562    161    303    
564    565    182    100    
565    564    352    142    
566    567    234    156    
567    566    33    181    
568    569    160    347    
569    568    301    102    
570    571    384    334    
571    570    229    223    
572    573    334    66    
573    572    283    168    
574    575    244    342    
575    574    204    132    
576    577    390    
577    576    177    62    
578    579    402    150    
579    578    77    61    
580    581    22    148    
581    580    359    161    
582    583    242    394    
583    582    293    305    
584    585    359    205    
585    584    218    121    
586    587    304    287    
587    586    274    395    
588    589    177    382    
589    588    32    154    
590    591    52    332    
591    590    18    108    
592    593    186    292    
593    592    345    190    
594    595    255    338    
595    594    310    148    
596    597    338    26    
597    596    261    286    
598    599    21    268    
599    598    242    134    
600    601    163    66    
601    600    415    152    
602    603    101    404    
603    602    367    329    
604    605    176    386    
605    604    218    156    
606    607    34    360    
607    606    123    375    
608    609    241    394    
609    608    398    421    
610    611    372    400    
611    610    144    240    
612    613    248    172    
613    612    244    208    
614    615    253    
615    614    243    345    
616    617    331    83    
617    616    352    386    
618    619    214    256    
619    618    387    140    
620    621    359    230    
621    620    134    351    
622    623    399    210    
623    622    180    94    
624    625    163    25    
625    624    16    323    
626    627    164    109    
627    626    227    304    
628    629    334    284    
629    628    186    294    
630    631    152    
631    630    393    181    
632    633    366    189    
633    632    286    207    
634    635    190    132    
635    634    169    10    
636    637    192    286    
637    636    176    259    
638    639    302    243    
639    638    275    413    
640    641    300    272    
641    640    47    264    
642    643    362    278    
643    642    307    140    
644    645    225    314    
645    644    71    312    
646    647    168    86    
647    646    318    360    
648    649    158    281    
649    648    145    335    
650    651    232    126    
651    650    280    125    
652    653    200    214    
653    652    258    18    
654    655    133    299    
655    654    165    109    
656    657    188    113    
657    656    119    176    
658    659    284    239    
659    658    193    390    
660    661    335    384    
661    660    220    287    
662    663    416    106    
663    662    172    424    
664    665    329    157    
665    664    224    276    
666    667    352    235    
667    666    240    216    
668    669    104    102    
669    668    166    186    
670    671    366    187    
671    670    300    379    
672    673    226    75    
673    672    331    244    
674    675    291    51    
675    674    139    272    
676    677    90    170    
677    676    250    182    
678    679    215    280    
679    678    153    139    
680    681    290    240    
681    680    182    233    
682    683    293    78    
683    682    327    163    
684    685    6    146    
685    684    207    67    
686    687    151    387    
687    686    354    358    
688    689    222    12    
689    688    419    191    
690    691    306    319    
691    690    193    147    
692    693    219    86    
693    692    155    243    
694    695    368    172    
695    694    293    128    
696    697    423    381    
697    696    348    335    
698    699    32    217    
699    698    164    265    
700    701    133    245    
701    700    425    263    
702    703    184    356    
703    702    321    75    
704    705    288    393    
705    704    181    346    
706    707    108    412    
707    706    289    415    
708    709    270    267    
709    708    248    156    
710    711    27    278    
711    710    153    324    
712    713    183    115    
713    712    390    201    
714    715    157    154    
715    714    184    356    
716    717    162    398    
717    716    208    399    
718    719    374    298    
719    718    280    334    
720    721    306    
721    720    112    73    
722    723    298    328    
723    722    140    379    
724    725    320    128    
725    724    362    254    
726    727    39    199    
727    726    248    66    
728    729    199    128    
729    728    216    148    
730    731    140    173    
731    730    206    220    
732    733    280    224    
733    732    356    223    
734    735    308    190    
735    734    303    131    
736    737    4    272    
737    736    36    333    
738    739    411    292    
739    738    124    246    
740    741    326    168    
741    740    207    146    
742    743    89    129    
743    742    291    171    
744    745    172    174    
745    744    395    373    
746    747    124    
747    746    164    301    
748    749    203    392    
749    748    32    237    
750    751    70    212    
751    750    324    379    
752    753    332    138    
753    752    300    288    
754    755    245    307    
755    754    306    141    
756    757    181    392    
757    756    63    128    
758    759    77    162    
759    758    75    324    
760    761    393    54    
761    760    370    162    
762    763    17    277    
763    762    297    79    
764    765    157    336    
765    764    101    125    
766    767    116    
767    766    237    160    
768    769    161    164    
769    768    369    236    
770    771    154    201    
771    770    284    122    
772    773    226    132    
773    772    194    158    
774    775    142    209    
775    774    282    352    
776    777    44    30    
777    776    235    177    
778    779    330    
779    778    138    218    
780    781    330    312    
781    780    322    255    
782    783    376    118    
783    782    354    212    
784    785    402    204    
785    784    342    181    
786    787    391    240    
787    786    58    245    
788    789    29    79    
789    788    327    324    
790    791    326    411    
791    790    218    307    
792    793    287    340    
793    792    275    87    
794    795    178    131    
795    794    239    182    
796    797    84    246    
797    796    161    74    
798    799    309    244    
799    798    316    182    
800    801    89    408    
801    800    305    157    
802    803    118    36    
803    802    186    177    
804    805    212    
805    804    170    245    
806    807    258    182    
807    806    132    271    
808    809    181    260    
809    808    103    132    
810    811    171    301    
811    810    396    424    
812    813    74    239    
813    812    398    267    
814    815    165    162    
815    814    358    255    
816    817    344    417    
817    816    282    389    
818    819    388    31    
819    818    234    125    
820    821    271    340    
821    820    288    231    
822    823    339    
823    822    196    108    
824    825    113    115    
825    824    81    312    
826    827    164    161    
827    826    325    76    
828    829    284    231    
829    828    233    177    
830    831    75    99    
831    830    259    388    
832    833    92    222    
833    832    175    321    
834    835    180    187    
835    834    208    175    
836    837    127    213    
837    836    282    181    
838    839    206    82    
839    838    187    86    
840    841    201    41    
841    840    140    321    
842    843    201    252    
843    842    280    222    
844    845    407    252    
845    844    218    355    
846    847    219    308    
847    846    333    261    
848    849    274    280    
849    848    57    308    
850    851    250    218    
851    850    415    413    
852    853    166    176    
853    852    190    123    
854    855    286    391    
855    854    181    1    
856    857    358    95    
857    856    415    175    
858    859    324    11    
859    858    258    315    
860    861    3    325    
861    860    141    157    
862    863    191    418    
863    862    9    313    
864    865    303    319    
865    864    129    175    
866    867    348    84    
867    866    25    271    
868    869    179    415    
869    868    290    378    
870    871    85    95    
871    870    339    70    
872    873    391    326    
873    872    124    408    
874    875    129    331    
875    874    379    393    
876    877    67    332    
877    876    339    266    
878    879    227    
879    878    329    403    
880    881    315    307    
881    880    257    156    
882    883    310    260    
883    882    315    20    
884    885    265    105    
885    884    182    50    
886    887    288    114    
887    886    345    293    
888    889    302    267    
889    888    212    158    
890    891    20    28    
891    890    200    182    
892    893    268    384    
893    892    357    241    
894    895    408    211    
895    894    233    212    
896    897    422    163    
897    896    169    145    
898    899    164    76    
899    898    424    110    
900    901    185    261    
901    900    162    210    
902    903    69    139    
903    902    182    283    
904    905    142    226    
905    904    376    416    
906    907    127    33    
907    906    248    199    
908    909    383    407    
909    908    362    200    
910    911    252    127    
911    910    234    308    
912    913    101    173    
913    912    203    93    
914    915    283    308    
915    914    327    177    
916    917    369    414    
917    916    198    113    
918    919    88    290    
919    918    138    397    
920    921    373    305    
921    920    284    323    
922    923    270    410    
923    922    112    126    
924    925    110    175    
925    924    295    294    
926    927    325    297    
927    926    20    260    
928    929    303    216    
929    928    399    227    
930    931    167    307    
931    930    401    134    
932    933    135    140    
933    932    274    125    
934    935    377    174    
935    934    332    53    
936    937    313    258    
937    936    223    187    
938    939    398    124    
939    938    259    322    
940    941    198    
941    940    208    357    
942    943    376    50    
943    942    246    36    
944    945    62    329    
945    944    322    323    
946    947    140    138    
947    946    330    188    
948    949    258    227    
949    948    219    235    
950    951    328    191    
951    950    166    181    
952    953    315    171    
953    952    252    323    
954    955    128    136    
955    954    391    113    
956    957    234    155    
957    956    282    289    
958    959    107    112    
959    958    128    282    
960    961    347    64    
961    960    233    32    
962    963    279    138    
963    962    422    419    
964    965    24    268    
965    964    127    341    
966    967    302    129    
967    966    141    260    
968    969    289    163    
969    968    85    111    
970    971    231    73    
971    970    395    385    
972    973    117    254    
973    972    206    415    
974    975    208    180    
975    974    252    244    
976    977    183    190    
977    976    309    270    
978    979    187    132    
979    978    232    185    
980    981    189    69    
981    980    30    101    
982    983    213    206    
983    982    354    314    
984    985    71    424    
985    984    369    328    
986    987    252    244    
987    986    84    386    
988    989    127    351    
989    988    305    362    
990    991    401    169    
991    990    212    130    
992    993    370    315    
993    992    225    319    
994    995    396    305    
995    994    218    221    
996    997    224    295    
997    996    117    327    
998    999    311    364    
999    998    274    342    
1000    1001    402    43    
1001    1000    391    286    
1002    1003    387    287    
1003    1002    348    249    
1004    1005    355    253    
1005    1004    189    398    
1006    1007    331    65    
1007    1006    332    252    
1008    1009    123    310    
1009    1008    391    234    
1010    1011    356    335    
1011    1010    216    282    
1012    1013    275    343    
1013    1012    256    172    
1014    1015    196    161    
1015    1014    287    320    
1016    1017    161    170    
1017    1016    401    196    
1018    1019    99    306    
1019    1018    124    293    
1020    1021    139    199    
1021    1020    356    397    
1022    1023    125    414    
1023    1022    99    367    
1024    1025    221    396    
1025    1024    103    280    
1026    1027    358    293    
1027    1026    226    315    
1028    1029    147    365    
1029    1028    271    122    
1030    1031    294    
1031    1030    242    180    
1032    1033    203    55    
1033    1032    349    301    
1034    1035    214    188    
1035    1034    306    39    
1036    1037    188    162    
1037    1036    187    160    
1038    1039    276    221    
1039    1038    185    232    
1040    1041    109    254    
1041    1040    132    391    
1042    1043    135    209    
1043    1042    183    253    
1044    1045    283    169    
1045    1044    171    78    
1046    1047    240    241    
1047    1046    115    349    
1048    1049    304    371    
1049    1048    202    187    
1050    1051    119    381    
1051    1050    42    401    
1052    1053    207    134    
1053    1052    353    289    
1054    1055    181    67    
1055    1054    282    309    
1056    1057    230    155    
1057    1056    347    88    
1058    1059    155    156    
1059    1058    183    241    
1060    1061    337    238    
1061    1060    213    113    
1062    1063    264    189    
1063    1062    176    58    
1064    1065    141    175    
1065    1064    352    156    
1066    1067    87    317    
1067    1066    232    370    
1068    1069    295    
1069    1068    232    315    
1070    1071    397    313    
1071    1070    295    241    
1072    1073    425    138    
1073    1072    266    216    
1074    1075    186    
1075    1074    405    366    
1076    1077    307    375    
1077    1076    332    134    
1078    1079    123    72    
1079    1078    324    135    
1080    1081    200    197    
1081    1080    253    268    
1082    1083    274    
1083    1082    124    86    
1084    1085    49    289    
1085    1084    140    92    
1086    1087    289    237    
1087    1086    260    385    
1088    1089    311    320    
1089    1088    101    267    
1090    1091    233    178    
1091    1090    190    334    
1092    1093    341    
1093    1092    138    
