0    1    2    4    8    16    32    48    50    
1    0    3    5    9    17    33    49    51    
2    0    6    10    18    34    
3    1    7    11    19    35    
4    0    12    20    36    44    
5    1    13    21    37    45    
6    2    14    22    38    46    
7    3    15    23    39    47    
8    0    24    40    48    42    49    
9    1    25    41    49    37    49    
10    2    26    42    47    35    41    
11    3    27    43    36    40    
12    4    28    44    39    47    
13    5    29    45    44    34    39    48    
14    6    30    46    43    15    45    
15    7    31    47    14    46    
16    0    52    
17    1    53    
18    2    51    
19    3    50    52    
20    4    51    
21    5    
22    6    
23    7    
24    8    53    
25    9    51    
26    10    
27    11    
28    12    
29    13    
30    14    
31    15    
32    0    48    47    35    44    
33    1    49    36    40    44    45    
34    2    43    39    35    41    13    
35    3    34    40    10    32    
36    4    11    45    41    37    33    48    
37    5    38    44    40    36    9    
38    6    43    39    47    41    37    
39    7    46    42    38    12    34    13    
40    8    41    35    37    11    33    
41    9    38    40    10    34    36    
42    10    39    43    47    45    8    
43    11    14    46    38    42    34    
44    12    4    45    37    13    33    32    
45    13    5    42    14    44    36    33    
46    14    6    39    43    15    
47    15    7    42    38    10    12    32    
48    0    8    32    13    36    49    
49    1    9    33    8    48    9    
50    51    19    0    
51    50    18    1    25    20    
52    53    19    16    
53    52    24    17    
