0    1    2    4    8    
1    0    3    5    9    
2    0    6    10    16    
3    1    7    11    17    535    580    
4    0    12    18    30    
5    1    13    19    31    525    562    
6    2    14    20    32    427    534    
7    3    15    21    33    
8    0    22    34    56    
9    1    23    35    57    546    
10    2    24    36    58    459    524    
11    3    25    37    59    
12    4    26    38    60    426    443    
13    5    27    39    61    
14    6    28    40    62    
15    7    29    41    63    
16    2    42    64    104    619    
17    3    43    65    105    
18    4    44    66    106    458    591    
19    5    45    67    107    
20    6    46    68    108    
21    7    47    69    109    
22    8    48    70    110    581    
23    9    49    71    111    
24    10    50    72    112    
25    11    51    73    113    
26    12    52    74    114    
27    13    53    75    115    612    
28    14    54    76    116    549    
29    15    55    77    117    
30    4    78    118    192    618    623    
31    5    79    119    193    
32    6    80    120    194    571    
33    7    81    121    195    555    
34    8    82    122    196    442    
35    9    83    123    197    
36    10    84    124    198    546    
37    11    85    125    199    
38    12    86    126    200    
39    13    87    127    201    
40    14    88    128    202    471    
41    15    89    129    203    
42    16    90    130    204    
43    17    91    131    205    563    600    
44    18    92    132    206    430    
45    19    93    133    207    
46    20    94    134    208    435    
47    21    95    135    209    
48    22    96    136    210    
49    23    97    137    211    
50    24    98    138    212    
51    25    99    139    213    
52    26    100    140    214    513    548    
53    27    101    141    215    
54    28    102    142    216    560    
55    29    103    143    217    
56    8    144    218    312    571    590    
57    9    145    219    313    
58    10    146    220    314    
59    11    147    221    315    
60    12    148    222    316    432    
61    13    149    223    317    559    
62    14    150    224    318    554    
63    15    151    225    319    570    
64    16    152    226    320    
65    17    153    227    321    605    
66    18    154    228    520    530    
67    19    155    229    
68    20    156    230    447    
69    21    157    231    
70    22    158    232    322    
71    23    159    233    323    
72    24    160    234    543    
73    25    161    235    551    616    
74    26    162    236    470    476    513    
75    27    163    237    
76    28    164    238    609    
77    29    165    239    
78    30    166    240    324    454    
79    31    167    241    325    547    580    
80    32    168    242    326    
81    33    169    243    327    
82    34    170    244    328    578    
83    35    171    245    329    541    
84    36    172    246    489    
85    37    173    247    
86    38    174    248    434    473    551    
87    39    175    249    
88    40    176    250    515    
89    41    177    251    567    592    606    
90    42    178    252    330    
91    43    179    253    331    
92    44    180    254    
93    45    181    255    
94    46    182    256    447    
95    47    183    257    
96    48    184    258    332    486    
97    49    185    259    333    591    
98    50    186    260    474    480    
99    51    187    261    463    
100    52    188    262    617    
101    53    189    263    529    
102    54    190    264    567    
103    55    191    265    471    
104    16    266    334    398    
105    17    267    335    399    
106    18    268    336    
107    19    269    337    
108    20    270    338    
109    21    271    339    
110    22    272    340    400    
111    23    273    341    401    
112    24    274    342    558    576    619    
113    25    275    343    
114    26    276    344    545    
115    27    277    345    
116    28    278    346    500    504    
117    29    279    347    
118    30    280    348    
119    31    281    349    575    
120    32    282    350    429    603    604    
121    33    283    351    
122    34    284    352    502    506    529    
123    35    285    353    
124    36    507    511    
125    37    
126    38    446    450    456    489    497    532    
127    39    
128    40    483    491    
129    41    
130    42    286    354    590    606    
131    43    287    355    
132    44    542    558    576    598    
133    45    
134    46    516    526    536    550    
135    47    
136    48    288    356    570    592    
137    49    289    357    
138    50    
139    51    
140    52    531    541    548    564    584    608    
141    53    589    611    
142    54    
143    55    
144    56    290    358    402    
145    57    291    359    403    
146    58    292    360    465    
147    59    293    361    
148    60    294    362    449    
149    61    295    363    
150    62    296    364    
151    63    297    365    485    492    498    613    
152    64    298    366    540    
153    65    299    367    
154    66    488    494    500    583    621    
155    67    
156    68    451    457    
157    69    
158    70    300    368    
159    71    301    369    
160    72    577    599    
161    73    517    527    550    568    588    
162    74    496    502    508    514    525    535    
163    75    
164    76    549    565    566    586    614    
165    77    
166    78    302    370    
167    79    303    371    
168    80    304    372    452    458    527    
169    81    305    373    515    
170    82    306    374    512    520    
171    83    307    375    
172    84    495    501    
173    85    
174    86    438    442    446    477    483    569    584    589    
175    87    
176    88    497    503    
177    89    615    
178    90    308    376    
179    91    309    377    
180    92    
181    93    
182    94    439    443    462    466    472    478    
183    95    
184    96    310    378    538    554    
185    97    311    379    
186    98    528    536    552    568    
187    99    473    479    
188    100    557    566    575    586    608    
189    101    553    569    
190    102    456    460    466    470    587    609    
191    103    457    461    
192    30    380    404    441    
193    31    381    405    
194    32    382    406    460    539    
195    33    383    407    623    
196    34    384    408    464    468    499    
197    35    385    409    
198    36    367    521    531    
199    37    352    
200    38    315    503    507    617    
201    39    350    237    
202    40    379    477    
203    41    214    
204    42    386    410    599    
205    43    387    411    
206    44    361    323    426    428    618    
207    45    424    402    
208    46    237    593    607    
209    47    250    
210    48    388    412    
211    49    389    413    
212    50    367    405    
213    51    364    
214    52    203    521    614    
215    53    368    475    481    
216    54    365    544    
217    55    264    404    
218    56    390    414    
219    57    391    415    565    
220    58    479    485    574    596    604    
221    59    
222    60    428    430    455    463    
223    61    597    613    
224    62    
225    63    487    495    602    
226    64    
227    65    
228    66    377    315    322    506    510    
229    67    264    262    
230    68    347    231    353    349    533    
231    69    264    254    230    314    
232    70    
233    71    
234    72    365    339    559    
235    73    250    260    537    
236    74    263    264    482    490    523    
237    75    208    406    201    
238    76    379    377    255    585    
239    77    264    260    250    
240    78    
241    79    563    583    602    
242    80    499    
243    81    
244    82    512    522    524    534    
245    83    557    573    
246    84    251    351    
247    85    260    262    
248    86    379    421    
249    87    260    254    
250    88    263    239    419    375    209    371    369    235    333    329    353    509    
251    89    264    262    370    246    587    
252    90    
253    91    
254    92    231    249    351    401    425    
255    93    238    362    348    
256    94    265    257    585    
257    95    256    364    374    332    
258    96    516    518    528    
259    97    
260    98    347    239    407    331    351    355    247    249    235    588    610    
261    99    264    262    356    330    467    
262    100    251    261    373    247    363    229    317    595    
263    101    265    250    236    318    537    
264    102    265    239    217    251    261    319    231    345    413    399    229    236    
265    103    264    364    346    372    378    256    356    420    342    263    368    410    416    467    
266    104    392    416    433    
267    105    393    417    
268    106    336    464    468    474    621    
269    107    337    547    
270    108    338    
271    109    339    
272    110    394    418    601    
273    111    395    419    
274    112    342    429    431    
275    113    343    
276    114    344    561    579    
277    115    345    
278    116    346    484    615    
279    117    347    561    
280    118    
281    119    605    
282    120    431    
283    121    
284    122    472    476    482    509    517    
285    123    
286    130    579    
287    131    603    
288    136    
289    137    
290    144    396    420    434    622    
291    145    397    421    
292    146    360    475    
293    147    361    
294    148    362    453    
295    149    363    
296    150    364    514    522    532    
297    151    365    510    518    526    
298    152    
299    153    
300    158    
301    159    
302    166    370    449    
303    167    371    601    
304    168    372    505    511    
305    169    373    533    543    
306    170    556    574    594    616    
307    171    
308    178    376    
309    179    377    
310    184    378    
311    185    379    
312    56    422    424    491    611    
313    57    423    425    
314    58    231    
315    59    228    200    
316    60    417    465    469    
317    61    262    577    
318    62    263    572    594    622    
319    63    264    501    505    538    552    
320    64    321    350    
321    65    414    320    328    
322    70    421    228    
323    71    414    206    325    607    
324    78    377    450    578    598    
325    79    400    323    
326    80    343    493    
327    81    354    408    
328    82    367    321    539    544    555    560    
329    83    250    
330    90    261    
331    91    260    453    459    
332    96    257    492    498    508    
333    97    250    352    
334    104    441    445    564    
335    105    
336    106    268    361    478    484    
337    107    269    372    
338    108    270    377    
339    109    271    366    234    
340    110    
341    111    
342    112    274    265    427    596    612    
343    113    275    326    350    424    
344    114    276    365    
345    115    277    264    
346    116    278    265    486    494    
347    117    279    260    230    412    374    545    
348    118    255    367    
349    119    230    350    597    
350    120    377    343    415    201    349    320    
351    121    260    246    254    
352    122    367    333    199    414    488    496    519    
353    123    250    230    
354    130    327    375    
355    131    378    260    
356    136    265    261    610    
357    137    378    366    
358    144    444    448    
359    145    
360    146    292    373    469    
361    147    293    418    336    206    
362    148    294    255    
363    149    295    262    
364    150    296    265    257    213    542    
365    151    297    216    344    234    504    
366    152    339    357    415    556    572    
367    153    212    352    328    198    402    419    348    
368    158    265    215    
369    159    250    376    
370    166    302    251    445    
371    167    303    250    
372    168    304    265    417    337    519    
373    169    305    376    262    360    409    523    
374    170    257    347    530    540    
375    171    250    354    
376    178    308    373    379    369    
377    179    309    238    350    338    228    324    
378    184    310    265    411    355    357    
379    185    311    238    376    202    248    
380    192    404    432    435    436    438    
381    193    405    
382    194    406    433    553    
383    195    407    573    
384    196    408    448    452    487    
385    197    409    
386    204    410    455    
387    205    411    581    
388    210    412    
389    211    413    
390    218    
391    219    
392    266    416    439    
393    267    417    
394    272    418    
395    273    419    
396    290    420    
397    291    421    
398    104    403    
399    105    264    461    480    490    
400    110    325    
401    111    254    
402    144    367    207    
403    145    398    562    582    600    
404    192    380    217    437    440    444    
405    193    381    212    
406    194    382    237    
407    195    383    260    595    
408    196    384    327    454    462    493    
409    197    385    373    
410    204    386    265    451    
411    205    387    378    
412    210    388    347    
413    211    389    264    
414    218    323    321    352    
415    219    350    366    
416    266    392    265    437    
417    267    393    372    316    
418    272    394    361    
419    273    395    250    367    
420    290    396    265    436    440    
421    291    397    248    322    
422    312    424    481    593    620    
423    313    425    
424    312    422    343    207    582    620    
425    313    423    254    
426    427    12    206    
427    426    6    342    
428    429    222    206    
429    428    120    274    
430    431    222    44    
431    430    282    274    
432    433    380    60    
433    432    266    382    
434    435    86    290    
435    434    46    380    
436    437    380    420    
437    436    416    404    
438    439    380    174    
439    438    392    182    
440    441    420    404    
441    440    192    334    
442    443    174    34    
443    442    182    12    
444    445    358    404    
445    444    370    334    
446    447    174    126    
447    446    94    68    
448    449    384    358    
449    448    148    302    
450    451    324    126    
451    450    410    156    
452    453    384    168    
453    452    294    331    
454    455    78    408    
455    454    386    222    
456    457    126    190    
457    456    156    191    
458    459    168    18    
459    458    331    10    
460    461    194    190    
461    460    399    191    
462    463    408    182    
463    462    222    99    
464    465    268    196    
465    464    146    316    
466    467    190    182    
467    466    265    261    
468    469    268    196    
469    468    360    316    
470    471    190    74    
471    470    103    40    
472    473    284    182    
473    472    86    187    
474    475    268    98    
475    474    292    215    
476    477    74    284    
477    476    202    174    
478    479    182    336    
479    478    187    220    
480    481    98    399    
481    480    215    422    
482    483    236    284    
483    482    128    174    
484    485    336    278    
485    484    220    151    
486    487    96    346    
487    486    384    225    
488    489    154    352    
489    488    84    126    
490    491    399    236    
491    490    312    128    
492    493    151    332    
493    492    326    408    
494    495    346    154    
495    494    225    172    
496    497    352    162    
497    496    126    176    
498    499    151    332    
499    498    242    196    
500    501    116    154    
501    500    319    172    
502    503    122    162    
503    502    200    176    
504    505    365    116    
505    504    304    319    
506    507    228    122    
507    506    124    200    
508    509    162    332    
509    508    250    284    
510    511    297    228    
511    510    304    124    
512    513    170    244    
513    512    52    74    
514    515    162    296    
515    514    88    169    
516    517    258    134    
517    516    284    161    
518    519    258    297    
519    518    352    372    
520    521    66    170    
521    520    198    214    
522    523    296    244    
523    522    373    236    
524    525    244    10    
525    524    162    5    
526    527    134    297    
527    526    161    168    
528    529    186    258    
529    528    101    122    
530    531    66    374    
531    530    198    140    
532    533    126    296    
533    532    230    305    
534    535    244    6    
535    534    162    3    
536    537    134    186    
537    536    235    263    
538    539    319    184    
539    538    194    328    
540    541    152    374    
541    540    83    140    
542    543    132    364    
543    542    72    305    
544    545    328    216    
545    544    114    347    
546    547    36    9    
547    546    269    79    
548    549    52    140    
549    548    28    164    
550    551    134    161    
551    550    73    86    
552    553    186    319    
553    552    189    382    
554    555    184    62    
555    554    328    33    
556    557    366    306    
557    556    245    188    
558    559    112    132    
559    558    61    234    
560    561    328    54    
561    560    276    279    
562    563    5    403    
563    562    43    241    
564    565    334    140    
565    564    219    164    
566    567    164    188    
567    566    89    102    
568    569    161    186    
569    568    174    189    
570    571    63    136    
571    570    32    56    
572    573    318    366    
573    572    383    245    
574    575    306    220    
575    574    188    119    
576    577    112    132    
577    576    317    160    
578    579    324    82    
579    578    286    276    
580    581    3    79    
581    580    22    387    
582    583    403    424    
583    582    241    154    
584    585    174    140    
585    584    256    238    
586    587    164    188    
587    586    251    190    
588    589    161    260    
589    588    174    141    
590    591    56    130    
591    590    18    97    
592    593    89    136    
593    592    208    422    
594    595    318    306    
595    594    407    262    
596    597    220    342    
597    596    349    223    
598    599    132    324    
599    598    160    204    
600    601    43    403    
601    600    272    303    
602    603    241    225    
603    602    287    120    
604    605    220    120    
605    604    281    65    
606    607    89    130    
607    606    208    323    
608    609    140    188    
609    608    76    190    
610    611    260    356    
611    610    141    312    
612    613    342    27    
613    612    223    151    
614    615    214    164    
615    614    278    177    
616    617    73    306    
617    616    200    100    
618    619    206    30    
619    618    112    16    
620    621    422    424    
621    620    268    154    
622    623    290    318    
623    622    30    195    
