0    1    2    4    8    542    
1    0    3    5    9    
2    0    6    10    16    
3    1    7    11    17    583    
4    0    12    18    30    
5    1    13    19    31    428    505    
6    2    14    20    32    448    
7    3    15    21    33    
8    0    22    34    56    542    
9    1    23    35    57    
10    2    24    36    58    507    544    
11    3    25    37    59    
12    4    26    38    60    
13    5    27    39    61    
14    6    28    40    62    
15    7    29    41    63    439    
16    2    42    64    104    431    474    
17    3    43    65    105    
18    4    44    66    106    444    575    
19    5    45    67    107    
20    6    46    68    108    
21    7    47    69    109    
22    8    48    70    110    467    
23    9    49    71    111    
24    10    50    72    112    
25    11    51    73    113    438    
26    12    52    74    114    
27    13    53    75    115    475    
28    14    54    76    116    
29    15    55    77    117    
30    4    78    118    192    445    574    
31    5    79    119    193    
32    6    80    120    194    
33    7    81    121    195    504    
34    8    82    122    196    467    532    
35    9    83    123    197    469    
36    10    84    124    198    
37    11    85    125    199    438    
38    12    86    126    200    543    
39    13    87    127    201    
40    14    88    128    202    506    545    
41    15    89    129    203    
42    16    90    130    204    661    736    
43    17    91    131    205    539    582    
44    18    92    132    206    
45    19    93    133    207    429    474    
46    20    94    134    208    449    
47    21    95    135    209    493    
48    22    96    136    210    
49    23    97    137    211    457    
50    24    98    138    212    430    
51    25    99    139    213    
52    26    100    140    214    638    
53    27    101    141    215    
54    28    102    142    216    
55    29    103    143    217    
56    8    144    218    312    589    
57    9    145    219    313    
58    10    146    220    314    686    
59    11    147    221    315    482    
60    12    148    222    316    446    
61    13    149    223    317    456    
62    14    150    224    318    715    
63    15    151    225    319    548    549    
64    16    152    226    320    
65    17    153    227    321    439    
66    18    154    228    478    697    725    
67    19    155    229    489    517    657    
68    20    156    230    465    496    
69    21    157    231    667    712    
70    22    158    232    322    466    533    543    
71    23    159    233    323    722    
72    24    160    234    591    
73    25    161    235    
74    26    162    236    472    
75    27    163    237    656    
76    28    164    238    720    729    
77    29    165    239    600    715    
78    30    166    240    324    582    
79    31    167    241    325    
80    32    168    242    326    
81    33    169    243    327    
82    34    170    244    328    
83    35    171    245    329    456    
84    36    172    246    590    687    
85    37    173    247    549    
86    38    174    248    
87    39    175    249    
88    40    176    250    728    
89    41    177    251    548    618    
90    42    178    252    330    475    
91    43    179    253    331    
92    44    180    254    473    696    
93    45    181    255    657    690    
94    46    182    256    685    694    721    
95    47    183    257    581    601    714    724    
96    48    184    258    332    466    563    
97    49    185    259    333    651    723    
98    50    186    260    547    646    700    
99    51    187    261    483    
100    52    188    262    447    
101    53    189    263    656    
102    54    190    264    497    714    
103    55    191    265    
104    16    266    334    398    612    701    
105    17    267    335    399    
106    18    268    336    568    
107    19    269    337    
108    20    270    338    725    
109    21    271    339    617    650    
110    22    272    340    400    687    
111    23    273    341    401    
112    24    274    342    661    
113    25    275    343    
114    26    276    344    498    
115    27    277    345    525    
116    28    278    346    502    
117    29    279    347    528    
118    30    280    348    
119    31    281    349    488    516    641    
120    32    282    350    464    
121    33    283    351    437    666    669    713    
122    34    284    352    599    
123    35    285    353    589    659    
124    36    675    735    
125    37    471    
126    38    461    520    
127    39    446    515    557    
128    40    503    
129    41    675    733    
130    42    286    354    620    
131    43    287    355    621    
132    44    499    
133    45    441    453    463    494    524    593    638    
134    46    503    558    698    
135    47    529    649    720    
136    48    288    356    
137    49    289    357    571    
138    50    468    494    515    
139    51    618    
140    52    427    431    535    569    640    
141    53    
142    54    572    
143    55    492    
144    56    290    358    402    
145    57    291    359    403    429    479    
146    58    292    360    443    451    678    
147    59    293    361    
148    60    294    362    440    
149    61    295    363    624    676    
150    62    296    364    
151    63    297    365    
152    64    298    366    536    613    669    
153    65    299    367    700    
154    66    471    606    652    710    727    
155    67    553    591    
156    68    489    528    553    615    719    
157    69    652    710    
158    70    300    368    686    
159    71    301    369    
160    72    633    
161    73    600    608    643    679    706    
162    74    459    481    491    526    681    734    
163    75    561    597    602    645    
164    76    563    568    608    654    665    
165    77    648    
166    78    302    370    
167    79    303    371    691    
168    80    304    372    684    695    
169    81    305    373    640    668    
170    82    306    374    612    
171    83    307    375    628    
172    84    531    577    611    632    
173    85    480    487    506    
174    86    458    490    636    
175    87    664    681    
176    88    609    664    730    
177    89    473    511    541    567    623    634    690    
178    90    308    376    578    
179    91    309    377    550    671    
180    92    480    527    581    
181    93    560    596    603    644    
182    94    547    562    624    655    
183    95    649    721    733    
184    96    310    378    487    598    
185    97    311    379    658    
186    98    526    560    598    
187    99    572    658    
188    100    470    607    653    698    
189    101    705    718    
190    102    529    614    680    718    
191    103    629    683    711    
192    30    380    404    662    
193    31    381    405    
194    32    382    406    592    
195    33    383    407    616    651    
196    34    384    408    525    559    708    
197    35    385    409    609    635    693    
198    36    367    
199    37    352    450    453    
200    38    315    513    642    
201    39    350    237    501    533    
202    40    379    455    477    679    
203    41    214    
204    42    386    410    555    615    
205    43    387    411    659    667    
206    44    361    323    531    
207    45    424    402    433    
208    46    237    
209    47    250    
210    48    388    412    
211    49    389    413    
212    50    367    405    442    450    485    
213    51    364    
214    52    203    427    449    458    564    
215    53    368    
216    54    365    605    677    
217    55    264    404    
218    56    390    414    444    
219    57    391    415    457    588    
220    58    527    
221    59    510    540    566    573    622    635    691    
222    60    435    434    584    699    
223    61    482    627    719    
224    62    530    576    610    
225    63    481    486    507    628    682    
226    64    614    660    
227    65    468    594    666    
228    66    377    315    322    688    
229    67    264    262    702    
230    68    347    231    353    349    
231    69    264    254    230    314    
232    70    554    621    694    
233    71    
234    72    365    339    
235    73    250    260    
236    74    263    264    496    
237    75    208    406    201    
238    76    379    377    255    
239    77    264    260    250    535    
240    78    672    705    
241    79    440    452    462    495    
242    80    559    663    699    727    
243    81    
244    82    
245    83    485    576    
246    84    251    351    518    
247    85    260    262    
248    86    379    421    671    
249    87    260    254    
250    88    263    239    419    375    209    371    369    235    333    329    353    
251    89    264    262    370    246    
252    90    
253    91    554    594    
254    92    231    249    351    401    425    497    
255    93    238    362    348    
256    94    265    257    644    
257    95    256    364    374    332    653    
258    96    433    524    558    709    
259    97    585    673    
260    98    347    239    407    331    351    355    247    249    235    587    655    713    
261    99    264    262    356    330    509    
262    100    251    261    373    247    363    229    317    689    
263    101    265    250    236    318    716    
264    102    265    239    217    251    261    319    231    345    413    399    229    236    
265    103    264    364    346    372    378    256    356    420    342    263    368    410    416    697    
266    104    392    416    
267    105    393    417    
268    106    336    428    441    448    459    476    565    
269    107    337    
270    108    338    604    637    
271    109    339    537    575    
272    110    394    418    
273    111    395    419    
274    112    342    
275    113    343    
276    114    344    530    
277    115    345    500    532    
278    116    346    454    476    
279    117    347    
280    118    711    726    731    
281    119    552    590    
282    120    488    552    
283    121    
284    122    
285    123    593    704    717    
286    130    633    689    730    
287    131    498    511    516    539    579    682    
288    136    521    646    704    706    
289    137    585    
290    144    396    420    613    
291    145    397    421    437    629    
292    146    360    469    495    514    
293    147    361    619    674    732    
294    148    362    430    641    
295    149    363    717    
296    150    364    639    674    734    
297    151    365    470    
298    152    731    
299    153    596    601    642    678    707    
300    158    519    520    
301    159    
302    166    370    580    
303    167    371    
304    168    372    546    625    
305    169    373    732    
306    170    647    673    707    709    
307    171    545    584    
308    178    376    499    505    510    538    643    
309    179    377    703    
310    184    378    443    455    580    
311    185    379    716    
312    56    422    424    
313    57    423    425    634    692    
314    58    231    546    586    
315    59    228    200    508    619    
316    60    417    445    588    630    684    729    
317    61    262    435    
318    62    263    597    
319    63    264    696    
320    64    321    350    660    722    
321    65    414    320    328    556    627    
322    70    421    228    
323    71    414    206    325    
324    78    377    
325    79    400    323    432    573    
326    80    343    512    
327    81    354    408    
328    82    367    321    
329    83    250    461    478    490    522    
330    90    261    538    
331    91    260    737    
332    96    257    492    522    605    
333    97    250    352    517    
334    104    504    561    599    
335    105    436    
336    106    268    361    500    534    617    
337    107    269    372    693    
338    108    270    377    602    662    
339    109    271    366    234    465    566    606    
340    110    442    454    462    564    631    
341    111    
342    112    274    265    
343    113    275    326    350    424    
344    114    276    365    521    
345    115    277    264    556    592    639    
346    116    278    265    534    
347    117    279    260    230    412    374    479    648    
348    118    255    367    587    
349    119    230    350    518    550    623    703    
350    120    377    343    415    201    349    320    509    541    
351    121    260    246    254    
352    122    367    333    199    414    610    
353    123    250    230    
354    130    327    375    537    551    571    668    670    
355    131    378    260    701    
356    136    265    261    702    
357    137    378    366    
358    144    460    
359    145    447    484    514    577    665    680    
360    146    292    373    484    
361    147    293    418    336    206    
362    148    294    255    426    
363    149    295    262    
364    150    296    265    257    213    569    676    
365    151    297    216    344    234    451    452    
366    152    339    357    415    570    
367    153    212    352    328    198    402    419    348    683    
368    158    265    215    
369    159    250    376    
370    166    302    251    508    540    
371    167    303    250    
372    168    304    265    417    337    586    630    645    
373    169    305    376    262    360    409    519    551    622    
374    170    257    347    
375    171    250    354    
376    178    308    373    379    369    578    
377    179    309    238    350    338    228    324    632    688    
378    184    310    265    411    355    357    463    611    
379    185    311    238    376    202    248    
380    192    404    477    
381    193    405    
382    194    406    583    636    
383    195    407    536    574    
384    196    408    464    493    562    723    
385    197    409    650    
386    204    410    595    
387    205    411    557    626    
388    210    412    695    
389    211    413    
390    218    434    
391    219    483    626    
392    266    416    
393    267    417    
394    272    418    
395    273    419    
396    290    420    637    672    708    735    
397    291    421    544    
398    104    403    579    647    654    712    
399    105    264    436    
400    110    325    486    570    
401    111    254    
402    144    367    207    512    
403    145    398    460    491    523    
404    192    380    217    501    513    616    
405    193    381    212    692    
406    194    382    237    603    663    
407    195    383    260    567    607    
408    196    384    327    604    
409    197    385    373    
410    204    386    265    
411    205    387    378    595    
412    210    388    347    472    555    
413    211    389    264    
414    218    323    321    352    631    685    728    
415    219    350    366    
416    266    392    265    
417    267    393    372    316    
418    272    394    361    432    523    
419    273    395    250    367    
420    290    396    265    670    
421    291    397    248    322    
422    312    424    
423    313    425    625    677    
424    312    422    343    207    565    724    
425    313    423    254    
426    427    362    
427    426    214    140    
428    429    5    268    
429    428    45    145    
430    431    294    50    
431    430    140    16    
432    433    325    418    
433    432    207    258    
434    435    390    222    
435    434    222    317    
436    437    399    335    
437    436    291    121    
438    439    25    37    
439    438    65    15    
440    441    148    241    
441    440    268    133    
442    443    212    340    
443    442    146    310    
444    445    18    218    
445    444    30    316    
446    447    60    127    
447    446    100    359    
448    449    6    268    
449    448    46    214    
450    451    212    199    
451    450    146    365    
452    453    365    241    
453    452    199    133    
454    455    278    340    
455    454    202    310    
456    457    61    83    
457    456    219    49    
458    459    214    174    
459    458    268    162    
460    461    358    403    
461    460    126    329    
462    463    241    340    
463    462    133    378    
464    465    384    120    
465    464    339    68    
466    467    70    96    
467    466    34    22    
468    469    227    138    
469    468    35    292    
470    471    188    297    
471    470    154    125    
472    473    74    412    
473    472    92    177    
474    475    16    45    
475    474    90    27    
476    477    278    268    
477    476    202    380    
478    479    329    66    
479    478    145    347    
480    481    180    173    
481    480    162    225    
482    483    59    223    
483    482    99    391    
484    485    360    359    
485    484    212    245    
486    487    225    400    
487    486    173    184    
488    489    119    282    
489    488    67    156    
490    491    174    329    
491    490    162    403    
492    493    332    143    
493    492    384    47    
494    495    133    138    
495    494    241    292    
496    497    68    236    
497    496    102    254    
498    499    114    287    
499    498    132    308    
500    501    277    336    
501    500    201    404    
502    503    116    
503    502    128    134    
504    505    334    33    
505    504    308    5    
506    507    40    173    
507    506    10    225    
508    509    370    315    
509    508    350    261    
510    511    221    308    
511    510    177    287    
512    513    402    326    
513    512    200    404    
514    515    359    292    
515    514    127    138    
516    517    287    119    
517    516    333    67    
518    519    349    246    
519    518    373    300    
520    521    300    126    
521    520    288    344    
522    523    329    332    
523    522    403    418    
524    525    258    133    
525    524    196    115    
526    527    186    162    
527    526    220    180    
528    529    156    117    
529    528    190    135    
530    531    276    224    
531    530    206    172    
532    533    34    277    
533    532    70    201    
534    535    346    336    
535    534    239    140    
536    537    383    152    
537    536    271    354    
538    539    330    308    
539    538    43    287    
540    541    370    221    
541    540    350    177    
542    543    8    0    
543    542    38    70    
544    545    10    397    
545    544    40    307    
546    547    304    314    
547    546    182    98    
548    549    63    89    
549    548    85    63    
550    551    179    349    
551    550    354    373    
552    553    281    282    
553    552    155    156    
554    555    253    232    
555    554    204    412    
556    557    345    321    
557    556    127    387    
558    559    134    258    
559    558    242    196    
560    561    181    186    
561    560    163    334    
562    563    182    384    
563    562    164    96    
564    565    214    340    
565    564    268    424    
566    567    339    221    
567    566    407    177    
568    569    106    164    
569    568    140    364    
570    571    366    400    
571    570    354    137    
572    573    187    142    
573    572    221    325    
574    575    30    383    
575    574    18    271    
576    577    224    245    
577    576    172    359    
578    579    376    178    
579    578    287    398    
580    581    302    310    
581    580    180    95    
582    583    78    43    
583    582    382    3    
584    585    307    222    
585    584    289    259    
586    587    372    314    
587    586    348    260    
588    589    316    219    
589    588    56    123    
590    591    84    281    
591    590    72    155    
592    593    345    194    
593    592    133    285    
594    595    253    227    
595    594    386    411    
596    597    299    181    
597    596    318    163    
598    599    186    184    
599    598    334    122    
600    601    77    161    
601    600    95    299    
602    603    163    338    
603    602    181    406    
604    605    270    408    
605    604    216    332    
606    607    339    154    
607    606    407    188    
608    609    161    164    
609    608    197    176    
610    611    224    352    
611    610    172    378    
612    613    104    170    
613    612    152    290    
614    615    190    226    
615    614    156    204    
616    617    404    195    
617    616    336    109    
618    619    89    139    
619    618    315    293    
620    621    130    
621    620    131    232    
622    623    373    221    
623    622    349    177    
624    625    182    149    
625    624    304    423    
626    627    387    391    
627    626    321    223    
628    629    171    225    
629    628    291    191    
630    631    316    372    
631    630    414    340    
632    633    377    172    
633    632    286    160    
634    635    177    313    
635    634    221    197    
636    637    382    174    
637    636    270    396    
638    639    52    133    
639    638    296    345    
640    641    140    169    
641    640    294    119    
642    643    200    299    
643    642    308    161    
644    645    181    256    
645    644    163    372    
646    647    98    288    
647    646    398    306    
648    649    165    347    
649    648    183    135    
650    651    385    109    
651    650    97    195    
652    653    157    154    
653    652    257    188    
654    655    164    398    
655    654    182    260    
656    657    75    101    
657    656    93    67    
658    659    185    187    
659    658    123    205    
660    661    226    320    
661    660    112    42    
662    663    338    192    
663    662    406    242    
664    665    175    176    
665    664    359    164    
666    667    227    121    
667    666    205    69    
668    669    169    354    
669    668    121    152    
670    671    354    420    
671    670    179    248    
672    673    396    240    
673    672    306    259    
674    675    293    296    
675    674    129    124    
676    677    364    149    
677    676    216    423    
678    679    146    299    
679    678    202    161    
680    681    190    359    
681    680    162    175    
682    683    225    287    
683    682    191    367    
684    685    316    168    
685    684    414    94    
686    687    58    158    
687    686    84    110    
688    689    228    377    
689    688    262    286    
690    691    93    177    
691    690    167    221    
692    693    313    405    
693    692    197    337    
694    695    94    232    
695    694    168    388    
696    697    92    319    
697    696    66    265    
698    699    134    188    
699    698    242    222    
700    701    153    98    
701    700    355    104    
702    703    229    356    
703    702    349    309    
704    705    285    288    
705    704    189    240    
706    707    288    161    
707    706    306    299    
708    709    396    196    
709    708    306    258    
710    711    157    154    
711    710    191    280    
712    713    398    69    
713    712    260    121    
714    715    102    95    
715    714    62    77    
716    717    263    311    
717    716    295    285    
718    719    190    189    
719    718    156    223    
720    721    135    76    
721    720    183    94    
722    723    320    71    
723    722    384    97    
724    725    95    424    
725    724    66    108    
726    727    280    
727    726    242    154    
728    729    414    88    
729    728    316    76    
730    731    176    286    
731    730    280    298    
732    733    305    293    
733    732    183    129    
734    735    296    162    
735    734    124    396    
736    737    42    
737    736    331    
