0    1    2    4    6    7    17    20    25    
1    0    3    5    24    
2    0    9    10    18    
3    1    7    6    8    11    21    23    
4    0    5    8    16    
5    1    4    19    22    
6    7    0    3    12    
7    6    3    0    13    
8    9    4    3    14    
9    8    2    15    
10    11    2    
11    10    3    
12    13    6    
13    12    7    
14    15    8    
15    14    9    
16    17    4    
17    16    0    
18    19    2    
19    18    5    
20    21    0    
21    20    3    
22    23    5    
23    22    3    
24    25    1    
25    24    0    
