0    1    2    4    8    16    21    30    
1    0    3    5    9    17    29    31    
2    0    6    10    42    48    69    84    
3    1    7    11    19    21    20    23    25    42    44    92    
4    0    12    16    18    24    59    68    95    
5    1    13    17    18    24    27    41    48    51    104    
6    2    14    15    19    20    23    22    24    36    47    
7    3    15    12    28    41    46    49    100    
8    0    16    13    20    32    45    55    58    93    
9    1    17    15    26    50    85    110    113    
10    2    13    17    19    25    26    40    47    82    101    
11    3    14    12    16    25    28    37    44    49    94    105    
12    4    15    7    11    18    21    29    33    34    45    62    
13    5    10    8    50    83    108    111    
14    6    15    11    26    35    38    40    63    99    
15    7    14    6    12    9    22    27    39    46    51    98    109    
16    0    4    8    11    17    43    54    
17    1    5    9    10    16    43    112    
18    19    12    5    4    22    34    64    
19    18    6    3    10    23    35    65    
20    21    6    3    8    30    70    
21    20    3    0    12    31    71    
22    23    15    6    18    32    72    
23    22    6    3    19    33    73    
24    25    4    5    6    36    74    
25    24    10    3    11    37    75    
26    27    14    9    10    38    80    
27    26    15    5    39    81    
28    29    11    7    88    
29    28    12    1    89    
30    31    0    20    52    
31    30    1    21    53    
32    33    8    22    56    
33    32    12    23    57    
34    35    18    12    60    
35    34    19    14    61    
36    37    24    6    66    
37    36    25    11    67    
38    39    26    14    76    
39    38    27    15    77    
40    41    14    10    78    
41    40    7    5    79    
42    43    2    3    86    
43    42    17    16    87    
44    45    3    11    90    
45    44    8    12    91    
46    47    15    7    96    
47    46    6    10    97    
48    49    2    5    102    
49    48    7    11    103    
50    51    13    9    106    
51    50    15    5    107    
52    53    30    
53    52    31    
54    55    16    
55    54    8    
56    57    32    
57    56    33    
58    59    8    
59    58    4    
60    61    34    
61    60    35    
62    63    12    
63    62    14    
64    65    18    
65    64    19    
66    67    36    
67    66    37    
68    69    4    
69    68    2    
70    71    20    
71    70    21    
72    73    22    
73    72    23    
74    75    24    
75    74    25    
76    77    38    
77    76    39    
78    79    40    
79    78    41    
80    81    26    
81    80    27    
82    83    10    
83    82    13    
84    85    2    
85    84    9    
86    87    42    
87    86    43    
88    89    28    
89    88    29    
90    91    44    
91    90    45    
92    93    3    
93    92    8    
94    95    11    
95    94    4    
96    97    46    
97    96    47    
98    99    15    
99    98    14    
100    101    7    
101    100    10    
102    103    48    
103    102    49    
104    105    5    
105    104    11    
106    107    50    
107    106    51    
108    109    13    
109    108    15    
110    111    9    
111    110    13    
112    113    17    
113    112    9    
