0    1    2    4    8    16    18    19    
1    0    3    5    9    17    19    
2    0    6    10    21    50    
3    1    7    11    18    19    20    26    27    51    
4    0    12    16    23    22    24    29    32    44    
5    1    13    17    20    22    23    24    25    29    28    33    
6    2    14    15    21    25    28    32    
7    3    15    12    33    45    
8    0    16    13    20    22    35    40    51    
9    1    17    15    21    23    34    35    48    50    
10    2    13    17    29    30    31    34    49    48    
11    3    14    12    16    28    31    30    41    49    
12    4    15    7    11    32    42    
13    5    10    8    25    27    33    43    46    
14    6    15    11    24    26    47    
15    7    14    6    12    9    
16    0    4    8    11    17    27    26    
17    1    5    9    10    16    
18    19    0    3    36    
19    18    1    0    3    37    
20    21    3    8    5    30    36    
21    20    2    9    6    31    37    
22    23    8    5    4    40    
23    22    9    4    5    41    
24    25    14    5    4    44    
25    24    13    6    5    45    
26    27    14    3    16    38    
27    26    13    16    3    39    
28    29    11    6    5    46    
29    28    10    5    4    47    
30    31    10    20    11    38    
31    30    11    21    10    39    
32    33    12    4    6    42    
33    32    13    7    5    43    
34    35    9    10    
35    34    8    9    
36    37    18    20    
37    36    19    21    
38    39    26    30    
39    38    27    31    
40    41    8    22    
41    40    11    23    
42    43    32    12    
43    42    33    13    
44    45    24    4    
45    44    25    7    
46    47    28    13    
47    46    29    14    
48    49    9    10    
49    48    10    11    
50    51    9    2    
51    50    8    3    
