0    1    2    4    8    26    
1    0    3    5    9    27    
2    0    6    10    16    
3    1    7    11    17    
4    0    12    18    35    46    
5    1    13    19    34    47    
6    2    14    20    36    43    46    
7    3    15    21    32    35    39    
8    0    22    24    30    53    
9    1    23    25    31    52    
10    2    27    39    42    52    
11    3    26    29    28    30    37    44    49    
12    4    29    32    33    34    36    51    
13    5    33    37    38    42    50    53    
14    6    41    48    50    
15    7    44    51    
16    2    21    17    49    
17    3    16    
18    4    25    19    
19    5    24    18    
20    6    21    25    40    45    48    
21    7    20    16    24    41    
22    8    24    28    31    38    
23    9    25    43    47    
24    8    22    21    19    40    
25    9    23    20    18    45    
26    27    0    11    
27    26    1    10    
28    29    22    11    
29    28    11    12    
30    31    11    8    
31    30    22    9    
32    33    12    7    
33    32    13    12    
34    35    5    12    
35    34    4    7    
36    37    6    12    
37    36    13    11    
38    39    13    22    
39    38    10    7    
40    41    24    20    
41    40    14    21    
42    43    13    10    
43    42    6    23    
44    45    11    15    
45    44    20    25    
46    47    4    6    
47    46    5    23    
48    49    20    14    
49    48    11    16    
50    51    14    13    
51    50    15    12    
52    53    9    10    
53    52    8    13    
