0    1    2    4    8    
1    0    3    5    9    
2    0    6    10    16    
3    1    7    11    17    111    
4    0    12    18    30    
5    1    13    19    31    107    112    
6    2    14    20    32    110    123    
7    3    15    21    33    
8    0    22    34    56    
9    1    23    35    57    108    
10    2    24    36    58    106    
11    3    25    37    59    
12    4    26    38    60    115    122    
13    5    27    39    61    
14    6    28    40    62    162    
15    7    29    41    63    116    129    
16    2    42    64    88    
17    3    43    65    89    
18    4    44    66    
19    5    45    67    109    153    
20    6    46    68    
21    7    47    69    118    130    
22    8    48    70    90    
23    9    49    71    91    
24    10    50    72    
25    11    51    73    122    127    138    
26    12    52    74    
27    13    53    75    135    
28    14    54    76    128    133    140    153    
29    15    55    77    
30    4    78    92    
31    5    79    93    119    
32    6    80    94    
33    7    81    95    121    
34    8    82    96    114    
35    9    83    97    
36    10    106    108    113    
37    11    127    
38    12    121    131    144    150    
39    13    
40    14    
41    15    132    148    156    
42    16    84    98    162    
43    17    85    99    113    
44    18    
45    19    107    112    125    137    
46    20    126    133    145    149    151    154    
47    21    142    158    
48    22    86    100    
49    23    87    101    
50    24    134    138    143    156    159    
51    25    155    160    
52    26    132    140    145    154    161    
53    27    157    
54    28    141    155    158    
55    29    152    159    
56    8    102    104    
57    9    103    105    152    
58    10    63    93    119    131    
59    11    66    69    
60    12    69    104    123    139    
61    13    72    
62    14    75    120    134    146    
63    15    76    72    58    141    
64    16    
65    17    137    149    
66    18    73    99    59    
67    19    73    91    
68    20    77    73    99    126    151    157    
69    21    76    74    60    59    
70    22    
71    23    147    163    
72    24    63    73    61    
73    25    68    72    66    90    67    
74    26    75    69    93    143    
75    27    62    74    95    139    
76    28    77    63    69    92    
77    29    76    100    94    68    96    
78    30    92    
79    31    93    109    111    116    124    
80    32    94    117    
81    33    95    147    163    
82    34    142    144    160    
83    35    
84    42    98    
85    43    99    117    125    
86    48    100    
87    49    101    
88    16    105    
89    17    94    104    105    
90    22    73    97    
91    23    67    
92    30    78    76    97    129    
93    31    79    74    58    115    136    148    
94    32    80    77    89    
95    33    81    98    75    135    
96    34    77    99    120    130    
97    35    98    90    92    
98    42    84    95    101    97    146    
99    43    85    68    66    96    
100    48    86    77    
101    49    87    98    
102    56    104    128    
103    57    105    110    114    118    
104    56    102    89    60    
105    57    103    88    89    124    136    
106    107    10    36    
107    106    5    45    
108    109    36    9    
109    108    19    79    
110    111    6    103    
111    110    3    79    
112    113    45    5    
113    112    36    43    
114    115    34    103    
115    114    12    93    
116    117    15    79    
117    116    80    85    
118    119    103    21    
119    118    31    58    
120    121    96    62    
121    120    38    33    
122    123    12    25    
123    122    6    60    
124    125    79    105    
125    124    85    45    
126    127    46    68    
127    126    25    37    
128    129    102    28    
129    128    92    15    
130    131    21    96    
131    130    58    38    
132    133    52    41    
133    132    28    46    
134    135    62    50    
135    134    95    27    
136    137    93    105    
137    136    65    45    
138    139    25    50    
139    138    60    75    
140    141    52    28    
141    140    54    63    
142    143    47    82    
143    142    50    74    
144    145    82    38    
145    144    52    46    
146    147    98    62    
147    146    71    81    
148    149    41    93    
149    148    46    65    
150    151    38    
151    150    46    68    
152    153    57    55    
153    152    19    28    
154    155    46    52    
155    154    51    54    
156    157    41    50    
157    156    68    53    
158    159    54    47    
159    158    55    50    
160    161    51    82    
161    160    52    
162    163    42    14    
163    162    71    81    
