0    1    2    4    8    29    38    
1    0    3    5    9    
2    0    6    10    16    39    
3    1    7    11    17    27    
4    0    12    18    41    40    43    44    
5    1    13    19    39    42    44    47    
6    2    14    20    38    45    
7    3    15    21    40    41    
8    0    22    24    27    28    
9    1    23    25    60    65    66    
10    2    58    64    67    69    
11    3    26    29    31    30    63    64    
12    4    30    32    33    34    35    37    36    
13    5    43    49    54    55    59    60    66    
14    6    42    48    55    54    61    67    
15    7    33    32    35    34    36    37    47    
16    2    21    17    56    62    68    
17    3    16    28    49    50    51    56    59    
18    4    25    19    46    52    
19    5    24    18    53    
20    6    21    25    46    52    
21    7    20    16    24    45    53    
22    8    24    26    31    48    51    50    57    
23    9    25    63    69    
24    8    22    21    19    58    62    65    
25    9    23    20    18    57    68    
26    27    22    11    
27    26    3    8    
28    29    17    8    
29    28    0    11    
30    31    12    11    
31    30    11    22    
32    33    12    15    
33    32    15    12    
34    35    12    15    
35    34    15    12    
36    37    15    12    
37    36    12    15    
38    39    0    6    
39    38    2    5    
40    41    7    4    
41    40    4    7    
42    43    5    14    
43    42    4    13    
44    45    4    5    
45    44    21    6    
46    47    20    18    
47    46    5    15    
48    49    22    14    
49    48    17    13    
50    51    17    22    
51    50    22    17    
52    53    18    20    
53    52    21    19    
54    55    13    14    
55    54    14    13    
56    57    16    17    
57    56    25    22    
58    59    24    10    
59    58    17    13    
60    61    13    9    
61    60    14    
62    63    16    24    
63    62    23    11    
64    65    11    10    
65    64    24    9    
66    67    13    9    
67    66    14    10    
68    69    25    16    
69    68    10    23    
