0    1    2    4    8    26    
1    0    3    5    9    27    
2    0    6    10    16    
3    1    7    11    17    29    32    
4    0    12    18    45    
5    1    13    19    27    30    38    
6    2    14    20    28    31    37    
7    3    15    21    
8    0    22    24    35    36    44    
9    1    23    25    
10    2    26    34    40    48    
11    3    41    42    47    49    
12    4    29    30    33    38    43    46    
13    5    41    49    
14    6    39    47    
15    7    36    44    
16    2    21    17    42    
17    3    16    31    34    39    
18    4    25    19    37    
19    5    24    18    35    46    
20    6    21    25    40    45    48    
21    7    20    16    24    
22    8    24    33    
23    9    25    
24    8    22    21    19    28    32    
25    9    23    20    18    43    
26    27    0    10    
27    26    1    5    
28    29    24    6    
29    28    12    3    
30    31    12    5    
31    30    6    17    
32    33    3    24    
33    32    22    12    
34    35    10    17    
35    34    19    8    
36    37    8    15    
37    36    18    6    
38    39    12    5    
39    38    14    17    
40    41    20    10    
41    40    11    13    
42    43    16    11    
43    42    25    12    
44    45    8    15    
45    44    4    20    
46    47    12    19    
47    46    14    11    
48    49    20    10    
49    48    11    13    
