0    1    2    4    8    16    32    48    50    505    
1    0    3    5    9    17    33    49    51    504    
2    0    6    10    18    34    51    53    164    248    402    
3    1    7    11    19    35    50    52    165    249    403    
4    0    12    20    36    44    61    63    67    69    74    76    78    
5    1    13    21    37    45    60    62    66    68    75    77    79    
6    2    14    22    38    46    58    60    62    64    147    209    465    
7    3    15    23    39    47    59    61    63    65    146    208    464    
8    0    24    40    48    42    49    83    89    93    99    152    200    292    
9    1    25    41    49    37    49    82    88    92    98    153    201    293    
10    2    26    42    47    35    41    80    84    90    96    137    185    431    
11    3    27    43    36    40    81    85    91    97    136    184    430    
12    4    28    44    39    47    80    86    90    94    157    233    485    
13    5    29    45    44    34    39    48    81    87    91    95    156    232    484    
14    6    30    46    43    15    45    59    61    63    65    152    242    370    
15    7    31    47    14    46    58    60    62    64    153    243    371    
16    0    50    52    54    56    95    99    103    107    111    119    163    247    
17    1    51    53    55    57    94    98    102    106    110    118    162    246    
18    2    53    55    57    59    61    82    84    90    98    100    108    120    
19    3    52    54    56    58    60    83    85    91    99    101    109    121    
20    4    56    58    62    64    66    68    69    70    71    72    73    75    77    79    85    89    
21    5    57    59    63    65    67    69    68    71    70    73    72    74    76    78    84    88    
22    6    64    66    70    72    76    78    81    87    93    97    103    105    115    123    
23    7    65    67    71    73    77    79    80    86    92    96    102    104    114    122    
24    8    80    88    92    94    103    104    107    108    112    113    115    120    127    189    495    
25    9    81    89    93    95    102    105    106    109    113    112    114    121    126    188    494    
26    10    85    89    93    99    100    105    104    108    113    116    123    160    240    388    
27    11    84    88    92    98    101    104    105    109    112    117    122    161    241    389    
28    12    83    87    95    97    101    102    106    107    110    111    118    123    140    198    312    
29    13    82    86    94    96    100    103    107    106    111    110    119    122    141    199    313    
30    14    67    69    71    73    75    77    79    82    86    90    96    100    108    112    120    
31    15    66    68    70    72    74    76    78    83    87    91    97    101    109    113    121    
32    0    48    47    35    44    126    163    168    247    258    501    
33    1    49    36    40    44    45    127    162    169    246    259    500    
34    2    43    39    35    41    13    137    164    178    187    398    411    
35    3    34    40    10    32    136    165    179    186    399    410    
36    4    11    45    41    37    33    48    135    146    191    206    326    469    
37    5    38    44    40    36    9    134    147    190    207    327    468    
38    6    43    39    47    41    37    150    153    216    229    342    463    
39    7    46    42    38    12    34    13    151    152    217    228    343    462    
40    8    41    35    37    11    33    136    157    182    233    286    489    
41    9    38    40    10    34    36    137    156    183    232    287    488    
42    10    39    43    47    45    8    131    158    181    236    380    429    
43    11    14    46    38    42    34    130    159    180    237    381    428    
44    12    4    45    37    13    33    32    125    138    192    249    302    479    
45    13    5    42    14    44    36    33    124    139    193    248    303    478    
46    14    6    39    43    15    149    156    230    235    364    437    
47    15    7    42    38    10    12    32    148    157    231    234    365    436    
48    0    8    32    13    36    49    254    503    
49    1    9    33    8    48    9    255    502    
50    51    3    0    16    114    124    170    404    
51    50    2    1    17    115    125    171    405    
52    53    3    16    19    114    126    166    406    
53    52    2    17    18    115    127    167    407    
54    55    19    16    110    116    128    204    412    
55    54    18    17    111    117    129    205    413    
56    57    19    16    20    116    130    200    414    
57    56    18    17    21    117    131    201    415    
58    59    6    15    19    20    142    210    416    
59    58    7    14    18    21    143    211    417    
60    61    15    6    19    5    148    174    432    
61    60    14    7    18    4    149    175    433    
62    63    20    6    15    5    142    212    434    
63    62    21    7    14    4    143    213    435    
64    65    6    20    15    22    142    214    344    
65    64    7    21    14    23    143    215    345    
66    67    31    5    20    22    144    216    438    
67    66    30    4    21    23    145    217    439    
68    69    5    20    31    21    144    194    466    
69    68    4    21    30    20    145    195    467    
70    71    22    31    20    21    144    218    440    
71    70    23    30    21    20    145    219    441    
72    73    22    31    20    21    118    150    218    442    
73    72    23    30    21    20    119    151    219    443    
74    75    31    4    21    116    146    198    444    
75    74    30    5    20    117    147    199    445    
76    77    22    21    4    31    120    150    220    446    
77    76    23    20    5    30    121    151    221    447    
78    79    31    22    21    4    148    220    448    
79    78    30    23    20    5    149    221    449    
80    81    10    23    24    12    130    212    372    
81    80    11    22    25    13    131    213    373    
82    83    30    18    29    9    160    242    472    
83    82    31    19    28    8    161    243    473    
84    85    21    27    10    18    158    244    418    
85    84    20    26    11    19    159    245    419    
86    87    12    30    29    23    138    222    450    
87    86    13    31    28    22    139    223    451    
88    89    9    21    27    24    158    238    470    
89    88    8    20    26    25    159    239    471    
90    91    10    12    30    18    138    224    376    
91    90    11    13    31    19    139    225    377    
92    93    23    9    24    27    132    176    452    
93    92    22    8    25    26    133    177    453    
94    95    17    29    24    12    132    192    474    
95    94    16    28    25    13    133    193    475    
96    97    30    10    23    29    154    236    454    
97    96    31    11    22    28    155    237    455    
98    99    9    18    17    27    162    176    486    
99    98    8    19    16    26    163    177    487    
100    101    30    18    29    26    154    238    392    
101    100    31    19    28    27    155    239    393    
102    103    25    17    23    28    140    190    490    
103    102    24    16    22    29    141    191    491    
104    105    27    24    23    26    118    160    234    424    
105    104    26    25    22    27    119    161    235    425    
106    107    28    17    29    25    140    226    492    
107    106    29    16    28    24    141    227    493    
108    109    24    30    18    26    122    154    240    394    
109    108    25    31    19    27    123    155    241    395    
110    111    54    28    17    29    128    196    476    
111    110    55    29    16    28    129    197    477    
112    113    24    30    25    27    134    226    426    
113    112    25    31    24    26    135    227    427    
114    115    23    50    25    52    124    170    458    
115    114    22    51    24    53    125    171    459    
116    117    26    54    56    74    128    172    328    
117    116    27    55    57    75    129    173    329    
118    119    28    104    17    72    132    196    320    
119    118    29    105    16    73    133    197    321    
120    121    24    76    30    18    134    208    360    
121    120    25    77    31    19    135    209    361    
122    123    27    23    29    108    164    206    460    
123    122    26    22    28    109    165    207    461    
124    125    114    50    45    166    252    
125    124    115    51    44    167    253    
126    127    32    25    52    168    262    
127    126    33    24    53    169    263    
128    129    110    116    54    172    266    
129    128    111    117    55    173    267    
130    131    56    80    43    230    270    
131    130    57    81    42    231    271    
132    133    92    94    118    186    276    
133    132    93    95    119    187    277    
134    135    37    112    120    180    282    
135    134    36    113    121    181    283    
136    137    40    35    11    182    408    
137    136    41    34    10    183    409    
138    139    86    90    44    188    298    
139    138    87    91    45    189    299    
140    141    102    106    28    194    306    
141    140    103    107    29    195    307    
142    143    58    62    64    202    316    
143    142    59    63    65    203    317    
144    145    66    68    70    202    318    
145    144    67    69    71    203    319    
146    147    36    7    74    204    330    
147    146    37    6    75    205    331    
148    149    78    60    47    210    336    
149    148    79    61    46    211    337    
150    151    38    72    76    214    348    
151    150    39    73    77    215    349    
152    153    8    14    39    184    366    
153    152    9    15    38    185    367    
154    155    96    100    108    224    356    
155    154    97    101    109    225    357    
156    157    46    41    13    228    480    
157    156    47    40    12    229    481    
158    159    84    42    88    174    374    
159    158    85    43    89    175    375    
160    161    82    104    26    222    384    
161    160    83    105    27    223    385    
162    163    98    17    33    244    496    
163    162    99    16    32    245    497    
164    165    2    34    122    178    396    
165    164    3    35    123    179    397    
166    167    124    52    250    
167    166    125    53    251    
168    169    126    32    256    
169    168    127    33    257    
170    171    50    114    260    
171    170    51    115    261    
172    173    128    116    264    
173    172    129    117    265    
174    175    60    158    272    
175    174    61    159    273    
176    177    92    98    420    
177    176    93    99    421    
178    179    34    164    278    
179    178    35    165    279    
180    181    134    43    280    
181    180    135    42    281    
182    183    136    40    284    
183    182    137    41    285    
184    185    152    11    288    
185    184    153    10    289    
186    187    132    35    274    
187    186    133    34    275    
188    189    25    138    296    
189    188    24    139    297    
190    191    37    102    456    
191    190    36    103    457    
192    193    44    94    300    
193    192    45    95    301    
194    195    140    68    304    
195    194    141    69    305    
196    197    110    118    308    
197    196    111    119    309    
198    199    74    28    310    
199    198    75    29    311    
200    201    8    56    290    
201    200    9    57    291    
202    203    142    144    314    
203    202    143    145    315    
204    205    54    146    322    
205    204    55    147    323    
206    207    36    122    324    
207    206    37    123    325    
208    209    7    120    332    
209    208    6    121    333    
210    211    148    58    334    
211    210    149    59    335    
212    213    80    62    294    
213    212    81    63    295    
214    215    64    150    338    
215    214    65    151    339    
216    217    38    66    340    
217    216    39    67    341    
218    219    70    72    346    
219    218    71    73    347    
220    221    76    78    350    
221    220    77    79    351    
222    223    160    86    352    
223    222    161    87    353    
224    225    90    154    354    
225    224    91    155    355    
226    227    106    112    358    
227    226    107    113    359    
228    229    39    156    362    
229    228    38    157    363    
230    231    46    130    268    
231    230    47    131    269    
232    233    13    41    482    
233    232    12    40    483    
234    235    47    104    422    
235    234    46    105    423    
236    237    96    42    378    
237    236    97    43    379    
238    239    88    100    382    
239    238    89    101    383    
240    241    108    26    386    
241    240    109    27    387    
242    243    14    82    368    
243    242    15    83    369    
244    245    84    162    390    
245    244    85    163    391    
246    247    17    33    498    
247    246    16    32    499    
248    249    45    2    400    
249    248    44    3    401    
250    251    166    
251    250    167    
252    253    124    
253    252    125    
254    255    48    
255    254    49    
256    257    168    
257    256    169    
258    259    32    
259    258    33    
260    261    170    
261    260    171    
262    263    126    
263    262    127    
264    265    172    
265    264    173    
266    267    128    
267    266    129    
268    269    230    
269    268    231    
270    271    130    
271    270    131    
272    273    174    
273    272    175    
274    275    186    
275    274    187    
276    277    132    
277    276    133    
278    279    178    
279    278    179    
280    281    180    
281    280    181    
282    283    134    
283    282    135    
284    285    182    
285    284    183    
286    287    40    
287    286    41    
288    289    184    
289    288    185    
290    291    200    
291    290    201    
292    293    8    
293    292    9    
294    295    212    
295    294    213    
296    297    188    
297    296    189    
298    299    138    
299    298    139    
300    301    192    
301    300    193    
302    303    44    
303    302    45    
304    305    194    
305    304    195    
306    307    140    
307    306    141    
308    309    196    
309    308    197    
310    311    198    
311    310    199    
312    313    28    
313    312    29    
314    315    202    
315    314    203    
316    317    142    
317    316    143    
318    319    144    
319    318    145    
320    321    118    
321    320    119    
322    323    204    
323    322    205    
324    325    206    
325    324    207    
326    327    36    
327    326    37    
328    329    116    
329    328    117    
330    331    146    
331    330    147    
332    333    208    
333    332    209    
334    335    210    
335    334    211    
336    337    148    
337    336    149    
338    339    214    
339    338    215    
340    341    216    
341    340    217    
342    343    38    
343    342    39    
344    345    64    
345    344    65    
346    347    218    
347    346    219    
348    349    150    
349    348    151    
350    351    220    
351    350    221    
352    353    222    
353    352    223    
354    355    224    
355    354    225    
356    357    154    
357    356    155    
358    359    226    
359    358    227    
360    361    120    
361    360    121    
362    363    228    
363    362    229    
364    365    46    
365    364    47    
366    367    152    
367    366    153    
368    369    242    
369    368    243    
370    371    14    
371    370    15    
372    373    80    
373    372    81    
374    375    158    
375    374    159    
376    377    90    
377    376    91    
378    379    236    
379    378    237    
380    381    42    
381    380    43    
382    383    238    
383    382    239    
384    385    160    
385    384    161    
386    387    240    
387    386    241    
388    389    26    
389    388    27    
390    391    244    
391    390    245    
392    393    100    
393    392    101    
394    395    108    
395    394    109    
396    397    164    
397    396    165    
398    399    34    
399    398    35    
400    401    248    
401    400    249    
402    403    2    
403    402    3    
404    405    50    
405    404    51    
406    407    52    
407    406    53    
408    409    136    
409    408    137    
410    411    35    
411    410    34    
412    413    54    
413    412    55    
414    415    56    
415    414    57    
416    417    58    
417    416    59    
418    419    84    
419    418    85    
420    421    176    
421    420    177    
422    423    234    
423    422    235    
424    425    104    
425    424    105    
426    427    112    
427    426    113    
428    429    43    
429    428    42    
430    431    11    
431    430    10    
432    433    60    
433    432    61    
434    435    62    
435    434    63    
436    437    47    
437    436    46    
438    439    66    
439    438    67    
440    441    70    
441    440    71    
442    443    72    
443    442    73    
444    445    74    
445    444    75    
446    447    76    
447    446    77    
448    449    78    
449    448    79    
450    451    86    
451    450    87    
452    453    92    
453    452    93    
454    455    96    
455    454    97    
456    457    190    
457    456    191    
458    459    114    
459    458    115    
460    461    122    
461    460    123    
462    463    39    
463    462    38    
464    465    7    
465    464    6    
466    467    68    
467    466    69    
468    469    37    
469    468    36    
470    471    88    
471    470    89    
472    473    82    
473    472    83    
474    475    94    
475    474    95    
476    477    110    
477    476    111    
478    479    45    
479    478    44    
480    481    156    
481    480    157    
482    483    232    
483    482    233    
484    485    13    
485    484    12    
486    487    98    
487    486    99    
488    489    41    
489    488    40    
490    491    102    
491    490    103    
492    493    106    
493    492    107    
494    495    25    
495    494    24    
496    497    162    
497    496    163    
498    499    246    
499    498    247    
500    501    33    
501    500    32    
502    503    49    
503    502    48    
504    505    1    
505    504    0    
