0    1    2    4    8    428    
1    0    3    5    9    429    
2    0    6    10    16    
3    1    7    11    17    
4    0    12    18    30    467    
5    1    13    19    31    528    
6    2    14    20    32    
7    3    15    21    33    
8    0    22    34    56    
9    1    23    35    57    
10    2    24    36    58    
11    3    25    37    59    434    461    
12    4    26    38    60    
13    5    27    39    61    445    
14    6    28    40    62    542    
15    7    29    41    63    
16    2    42    64    104    
17    3    43    65    105    
18    4    44    66    106    
19    5    45    67    107    449    
20    6    46    68    108    
21    7    47    69    109    
22    8    48    70    110    
23    9    49    71    111    465    
24    10    50    72    112    
25    11    51    73    113    
26    12    52    74    114    517    518    
27    13    53    75    115    
28    14    54    76    116    
29    15    55    77    117    
30    4    78    118    192    
31    5    79    119    193    
32    6    80    120    194    
33    7    81    121    195    
34    8    82    122    196    
35    9    83    123    197    437    
36    10    84    124    198    508    
37    11    85    125    199    
38    12    86    126    200    
39    13    87    127    201    
40    14    88    128    202    
41    15    89    129    203    450    453    
42    16    90    130    204    526    
43    17    91    131    205    
44    18    92    132    206    
45    19    93    133    207    
46    20    94    134    208    
47    21    95    135    209    
48    22    96    136    210    
49    23    97    137    211    
50    24    98    138    212    
51    25    99    139    213    
52    26    100    140    214    
53    27    101    141    215    
54    28    102    142    216    427    490    
55    29    103    143    217    
56    8    144    218    312    
57    9    145    219    313    441    
58    10    146    220    314    
59    11    147    221    315    
60    12    148    222    316    
61    13    149    223    317    
62    14    150    224    318    
63    15    151    225    319    
64    16    152    226    320    
65    17    153    227    321    
66    18    154    228    
67    19    155    229    
68    20    156    230    
69    21    157    231    
70    22    158    232    322    464    
71    23    159    233    323    
72    24    160    234    
73    25    161    235    
74    26    162    236    484    486    
75    27    163    237    
76    28    164    238    
77    29    165    239    513    
78    30    166    240    324    539    
79    31    167    241    325    
80    32    168    242    326    508    
81    33    169    243    327    
82    34    170    244    328    
83    35    171    245    329    
84    36    172    246    
85    37    173    247    
86    38    174    248    460    
87    39    175    249    
88    40    176    250    537    
89    41    177    251    
90    42    178    252    330    
91    43    179    253    331    
92    44    180    254    435    516    
93    45    181    255    
94    46    182    256    476    
95    47    183    257    
96    48    184    258    332    
97    49    185    259    333    
98    50    186    260    525    
99    51    187    261    
100    52    188    262    
101    53    189    263    
102    54    190    264    452    
103    55    191    265    
104    16    266    334    398    
105    17    267    335    399    
106    18    268    336    499    
107    19    269    337    540    
108    20    270    338    
109    21    271    339    
110    22    272    340    400    
111    23    273    341    401    
112    24    274    342    433    443    
113    25    275    343    
114    26    276    344    
115    27    277    345    
116    28    278    346    492    500    
117    29    279    347    
118    30    280    348    
119    31    281    349    
120    32    282    350    
121    33    283    351    
122    34    284    352    
123    35    285    353    
124    36    
125    37    
126    38    468    
127    39    469    
128    40    520    
129    41    436    
130    42    286    354    
131    43    287    355    
132    44    513    
133    45    512    
134    46    454    530    
135    47    454    457    458    505    
136    48    288    356    527    
137    49    289    357    
138    50    
139    51    431    
140    52    
141    53    
142    54    539    
143    55    
144    56    290    358    402    
145    57    291    359    403    
146    58    292    360    
147    59    293    361    
148    60    294    362    
149    61    295    363    427    
150    62    296    364    
151    63    297    365    
152    64    298    366    
153    65    299    367    
154    66    437    455    471    
155    67    455    493    521    
156    68    
157    69    
158    70    300    368    
159    71    301    369    
160    72    459    523    
161    73    
162    74    504    524    
163    75    
164    76    494    
165    77    441    463    495    
166    78    302    370    438    
167    79    303    371    
168    80    304    372    
169    81    305    373    
170    82    306    374    
171    83    307    375    
172    84    
173    85    
174    86    
175    87    
176    88    532    
177    89    445    467    533    
178    90    308    376    
179    91    309    377    
180    92    438    538    541    
181    93    
182    94    456    462    466    
183    95    
184    96    310    378    
185    97    311    379    
186    98    
187    99    449    475    485    
188    100    504    
189    101    521    531    
190    102    462    
191    103    463    
192    30    380    404    489    541    
193    31    381    405    488    498    
194    32    382    406    
195    33    383    407    
196    34    384    408    492    
197    35    385    409    519    
198    36    367    487    
199    37    352    
200    38    315    472    478    
201    39    350    237    
202    40    379    
203    41    214    429    442    446    503    523    
204    42    386    410    439    
205    43    387    411    
206    44    361    323    
207    45    424    402    533    
208    46    237    
209    47    250    501    
210    48    388    412    538    
211    49    389    413    
212    50    367    405    
213    51    364    
214    52    203    490    
215    53    368    
216    54    365    433    470    472    480    497    
217    55    264    404    
218    56    390    414    
219    57    391    415    
220    58    494    502    
221    59    
222    60    450    456    459    482    
223    61    483    
224    62    
225    63    
226    64    461    487    
227    65    
228    66    377    315    322    
229    67    264    262    
230    68    347    231    353    349    
231    69    264    254    230    314    
232    70    516    519    
233    71    
234    72    365    339    
235    73    250    260    
236    74    263    264    496    
237    75    208    406    201    
238    76    379    377    255    484    
239    77    264    260    250    503    
240    78    475    
241    79    474    
242    80    465    520    
243    81    464    468    470    
244    82    479    507    542    
245    83    
246    84    251    351    
247    85    260    262    
248    86    379    421    478    
249    87    260    254    
250    88    263    239    419    375    209    371    369    235    333    329    353    
251    89    264    262    370    246    
252    90    
253    91    
254    92    231    249    351    401    425    432    
255    93    238    362    348    
256    94    265    257    474    
257    95    256    364    374    332    495    
258    96    476    507    
259    97    509    
260    98    347    239    407    331    351    355    247    249    235    534    
261    99    264    262    356    330    535    
262    100    251    261    373    247    363    229    317    430    
263    101    265    250    236    318    
264    102    265    239    217    251    261    319    231    345    413    399    229    236    458    
265    103    264    364    346    372    378    256    356    420    342    263    368    410    416    
266    104    392    416    
267    105    393    417    
268    106    336    518    
269    107    337    493    
270    108    338    
271    109    339    
272    110    394    418    436    440    
273    111    395    419    
274    112    342    431    
275    113    343    
276    114    344    498    506    543    
277    115    345    527    
278    116    346    
279    117    347    
280    118    469    
281    119    501    
282    120    
283    121    
284    122    447    502    
285    123    
286    130    
287    131    
288    136    481    
289    137    
290    144    396    420    
291    145    397    421    
292    146    360    
293    147    361    
294    148    362    
295    149    363    531    
296    150    364    439    447    505    514    540    
297    151    365    
298    152    453    515    
299    153    
300    158    426    466    491    
301    159    529    
302    166    370    446    515    
303    167    371    
304    168    372    440    444    
305    169    373    457    
306    170    473    496    
307    171    
308    178    376    
309    179    377    
310    184    378    428    500    
311    185    379    
312    56    422    424    
313    57    423    425    529    
314    58    231    
315    59    228    200    
316    60    417    
317    61    262    
318    62    263    514    522    
319    63    264    
320    64    321    350    
321    65    414    320    328    
322    70    421    228    
323    71    414    206    325    
324    78    377    
325    79    400    323    
326    80    343    
327    81    354    408    451    
328    82    367    321    
329    83    250    
330    90    261    
331    91    260    
332    96    257    426    536    
333    97    250    352    
334    104    512    
335    105    477    536    
336    106    268    361    530    
337    107    269    372    
338    108    270    377    525    
339    109    271    366    234    
340    110    435    451    452    460    
341    111    
342    112    274    265    479    497    
343    113    275    326    350    424    
344    114    276    365    
345    115    277    264    
346    116    278    265    482    
347    117    279    260    230    412    374    483    
348    118    255    367    
349    119    230    350    
350    120    377    343    415    201    349    320    
351    121    260    246    254    
352    122    367    333    199    414    
353    123    250    230    
354    130    327    375    
355    131    378    260    
356    136    265    261    430    486    
357    137    378    366    
358    144    499    
359    145    526    532    
360    146    292    373    
361    147    293    418    336    206    
362    148    294    255    
363    149    295    262    
364    150    296    265    257    213    
365    151    297    216    344    234    
366    152    339    357    415    
367    153    212    352    328    198    402    419    348    
368    158    265    215    509    543    
369    159    250    376    
370    166    302    251    442    
371    167    303    250    
372    168    304    265    417    337    448    
373    169    305    376    262    360    409    
374    170    257    347    
375    171    250    354    
376    178    308    373    379    369    
377    179    309    238    350    338    228    324    
378    184    310    265    411    355    357    
379    185    311    238    376    202    248    
380    192    404    528    
381    193    405    477    506    
382    194    406    
383    195    407    
384    196    408    480    
385    197    409    511    
386    204    410    
387    205    411    
388    210    412    488    
389    211    413    489    
390    218    443    522    
391    219    
392    266    416    
393    267    417    
394    272    418    448    
395    273    419    
396    290    420    432    471    
397    291    421    
398    104    403    535    
399    105    264    524    534    
400    110    325    
401    111    254    
402    144    367    207    473    511    
403    145    398    510    
404    192    380    217    
405    193    381    212    
406    194    382    237    
407    195    383    260    
408    196    384    327    
409    197    385    373    
410    204    386    265    434    485    517    
411    205    387    378    
412    210    388    347    
413    211    389    264    
414    218    323    321    352    
415    219    350    366    
416    266    392    265    
417    267    393    372    316    
418    272    394    361    444    
419    273    395    250    367    
420    290    396    265    
421    291    397    248    322    
422    312    424    510    
423    313    425    481    537    
424    312    422    343    207    
425    313    423    254    491    
426    427    300    332    
427    426    54    149    
428    429    310    0    
429    428    203    1    
430    431    356    262    
431    430    274    139    
432    433    254    396    
433    432    112    216    
434    435    11    410    
435    434    340    92    
436    437    129    272    
437    436    154    35    
438    439    180    166    
439    438    296    204    
440    441    304    272    
441    440    165    57    
442    443    203    370    
443    442    390    112    
444    445    304    418    
445    444    177    13    
446    447    203    302    
447    446    284    296    
448    449    372    394    
449    448    187    19    
450    451    41    222    
451    450    340    327    
452    453    102    340    
453    452    298    41    
454    455    134    135    
455    454    155    154    
456    457    182    222    
457    456    305    135    
458    459    264    135    
459    458    160    222    
460    461    340    86    
461    460    11    226    
462    463    182    190    
463    462    165    191    
464    465    243    70    
465    464    242    23    
466    467    182    300    
467    466    177    4    
468    469    243    126    
469    468    280    127    
470    471    216    243    
471    470    396    154    
472    473    200    216    
473    472    402    306    
474    475    256    241    
475    474    187    240    
476    477    258    94    
477    476    381    335    
478    479    248    200    
479    478    342    244    
480    481    216    384    
481    480    288    423    
482    483    346    222    
483    482    223    347    
484    485    238    74    
485    484    187    410    
486    487    74    356    
487    486    226    198    
488    489    193    388    
489    488    192    389    
490    491    54    214    
491    490    300    425    
492    493    116    196    
493    492    155    269    
494    495    220    164    
495    494    257    165    
496    497    236    306    
497    496    342    216    
498    499    193    276    
499    498    106    358    
500    501    116    310    
501    500    281    209    
502    503    220    284    
503    502    239    203    
504    505    162    188    
505    504    296    135    
506    507    276    381    
507    506    244    258    
508    509    36    80    
509    508    368    259    
510    511    422    403    
511    510    385    402    
512    513    133    334    
513    512    132    77    
514    515    318    296    
515    514    298    302    
516    517    92    232    
517    516    410    26    
518    519    26    268    
519    518    232    197    
520    521    242    128    
521    520    189    155    
522    523    390    318    
523    522    203    160    
524    525    399    162    
525    524    98    338    
526    527    42    359    
527    526    136    277    
528    529    5    380    
529    528    301    313    
530    531    336    134    
531    530    295    189    
532    533    359    176    
533    532    207    177    
534    535    260    399    
535    534    261    398    
536    537    332    335    
537    536    423    88    
538    539    180    210    
539    538    142    78    
540    541    107    296    
541    540    192    180    
542    543    244    14    
543    542    276    368    
