0    1    2    4    8    29    38    
1    0    3    5    9    
2    0    6    10    16    39    
3    1    7    11    17    27    
4    0    12    18    41    40    43    44    
5    1    13    19    39    42    
6    2    14    20    38    
7    3    15    21    40    41    
8    0    22    24    27    28    
9    1    23    25    
10    2    
11    3    26    29    31    30    
12    4    30    32    33    34    35    37    36    
13    5    43    
14    6    42    
15    7    33    32    35    34    36    37    
16    2    21    17    
17    3    16    28    
18    4    25    19    
19    5    24    18    
20    6    21    25    
21    7    20    16    24    45    
22    8    24    26    31    
23    9    25    
24    8    22    21    19    
25    9    23    20    18    
26    27    22    11    
27    26    3    8    
28    29    17    8    
29    28    0    11    
30    31    12    11    
31    30    11    22    
32    33    12    15    
33    32    15    12    
34    35    12    15    
35    34    15    12    
36    37    15    12    
37    36    12    15    
38    39    0    6    
39    38    2    5    
40    41    7    4    
41    40    4    7    
42    43    5    14    
43    42    4    13    
44    45    4    
45    44    21    
