0    1    2    4    8    16    32    48    51    50    
1    0    3    5    9    17    33    49    51    
2    0    6    10    18    34    51    53    154    229    228    
3    1    7    11    19    35    50    51    52    53    155    
4    0    12    20    36    44    63    66    68    87    103    
5    1    13    21    37    45    62    66    67    69    89    97    
6    2    14    22    38    46    67    68    72    88    96    
7    3    15    23    39    47    69    73    86    102    
8    0    24    40    48    42    49    111    215    
9    1    25    41    49    37    49    90    91    95    102    110    214    
10    2    26    42    47    35    41    91    90    94    103    148    
11    3    27    43    36    40    149    
12    4    28    44    39    47    64    66    85    84    102    111    
13    5    29    45    44    34    39    48    65    67    
14    6    30    46    43    15    45    69    73    
15    7    31    47    14    46    68    72    84    85    103    110    
16    0    52    55    54    57    56    59    58    61    60    77    93    103    153    
17    1    53    55    57    59    74    75    76    80    81    92    100    101    102    118    121    152    
18    2    55    57    59    61    70    75    74    78    81    80    94    101    100    108    119    120    
19    3    54    55    56    57    58    59    60    61    71    79    95    109    
20    4    60    62    63    64    65    67    69    71    73    75    86    94    110    118    
21    5    61    63    62    65    64    68    70    74    76    80    145    203    
22    6    71    75    76    77    78    81    88    104    107    117    143    144    191    202    
23    7    64    66    72    74    77    79    87    89    95    105    106    111    116    119    142    190    
24    8    83    84    90    99    98    101    100    107    106    117    116    118    121    165    170    
25    9    91    92    97    100    101    108    115    116    117    122    164    171    221    
26    10    93    92    96    104    107    109    114    123    129    150    171    220    
27    11    82    85    92    93    98    99    105    106    107    119    120    128    151    170    
28    12    70    72    76    82    85    86    97    99    104    113    115    114    147    182    209    
29    13    71    73    77    83    88    89    95    96    98    108    109    110    112    119    146    208    
30    14    79    81    82    87    89    88    94    97    99    109    108    111    112    118    146    208    
31    15    78    80    83    84    87    86    96    98    105    113    114    115    147    183    209    
32    0    48    47    35    44    227    
33    1    49    36    40    44    45    152    226    
34    2    43    39    35    41    13    153    
35    3    34    40    10    32    
36    4    11    45    41    37    33    48    79    83    140    192    
37    5    38    44    40    36    9    105    115    
38    6    43    39    47    41    37    104    114    
39    7    46    42    38    12    34    13    78    82    141    193    
40    8    41    35    37    11    33    131    130    173    172    
41    9    38    40    10    34    36    113    148    217    
42    10    39    43    47    45    8    112    149    216    
43    11    14    46    38    42    34    130    131    172    173    
44    12    4    45    37    13    33    32    177    178    
45    13    5    42    14    44    36    33    146    149    212    213    
46    14    6    39    43    15    90    147    148    213    212    
47    15    7    42    38    10    12    32    91    176    179    
48    0    8    32    13    36    49    53    52    
49    1    9    33    8    48    9    228    229    
50    51    3    0    120    156    
51    50    0    1    2    3    121    157    
52    53    3    48    16    122    158    
53    52    48    3    17    2    123    159    
54    55    19    16    122    160    
55    54    16    19    18    17    123    161    
56    57    19    16    124    162    
57    56    16    19    18    17    125    163    
58    59    19    16    124    162    
59    58    16    19    18    17    125    163    
60    61    19    16    20    124    184    
61    60    16    19    21    18    125    185    
62    63    5    20    21    116    138    196    
63    62    4    21    20    117    139    197    
64    65    20    23    12    21    132    216    
65    64    21    20    13    133    217    
66    67    5    4    23    12    112    140    180    
67    66    6    5    20    13    113    141    181    
68    69    21    4    6    15    142    194    
69    68    20    5    7    14    143    195    
70    71    28    21    18    134    222    
71    70    29    20    19    22    135    223    
72    73    23    6    15    28    134    196    
73    72    20    7    14    29    135    197    
74    75    17    18    23    21    150    188    
75    74    18    17    20    22    151    189    
76    77    22    21    28    17    136    200    
77    76    23    22    29    16    137    201    
78    79    18    31    39    22    144    222    
79    78    19    30    36    23    145    223    
80    81    31    21    17    18    152    180    
81    80    30    22    18    17    153    181    
82    83    28    39    30    27    138    204    
83    82    29    36    31    24    139    205    
84    85    24    15    12    31    126    174    
85    84    27    12    15    28    127    175    
86    87    28    31    20    7    134    184    
87    86    31    30    23    4    135    185    
88    89    6    22    29    30    142    202    
89    88    5    23    30    29    143    203    
90    91    46    9    10    24    126    210    
91    90    47    10    9    25    127    211    
92    93    27    26    25    17    150    166    
93    92    26    27    16    151    167    
94    95    18    20    30    10    138    206    
95    94    19    23    29    9    139    207    
96    97    26    31    6    29    144    218    
97    96    25    28    5    30    145    219    
98    99    31    29    27    24    128    166    
99    98    30    28    24    27    129    167    
100    101    17    18    25    24    126    194    
101    100    18    17    24    25    127    195    
102    103    7    12    9    17    132    224    
103    102    4    15    10    16    133    225    
104    105    38    26    28    22    136    198    
105    104    37    27    31    23    137    199    
106    107    23    27    24    154    168    
107    106    22    26    24    27    155    169    
108    109    18    29    25    30    154    226    
109    108    19    30    26    29    155    227    
110    111    20    29    9    15    140    176    
111    110    23    30    8    12    141    177    
112    113    66    30    42    29    132    204    
113    112    67    31    41    28    133    205    
114    115    38    26    31    28    136    200    
115    114    37    25    28    31    137    201    
116    117    25    62    23    24    128    186    
117    116    24    63    22    25    129    187    
118    119    17    24    20    30    130    214    
119    118    18    27    23    29    131    215    
120    121    18    27    50    156    
121    120    17    24    51    157    
122    123    52    54    25    158    
123    122    53    55    26    159    
124    125    56    58    60    160    
125    124    57    59    61    161    
126    127    90    84    100    164    
127    126    91    85    101    165    
128    129    98    116    27    224    
129    128    99    117    26    225    
130    131    118    43    40    190    
131    130    119    40    43    191    
132    133    64    112    102    174    
133    132    65    113    103    175    
134    135    70    86    72    178    
135    134    71    87    73    179    
136    137    104    76    114    220    
137    136    105    77    115    221    
138    139    82    94    62    182    
139    138    83    95    63    183    
140    141    110    36    66    188    
141    140    111    39    67    189    
142    143    68    23    88    192    
143    142    69    22    89    193    
144    145    96    22    78    198    
145    144    97    21    79    199    
146    147    30    29    45    206    
147    146    31    28    46    207    
148    149    46    10    41    210    
149    148    45    11    42    211    
150    151    92    26    74    218    
151    150    93    27    75    219    
152    153    80    17    33    186    
153    152    81    16    34    187    
154    155    2    108    106    168    
155    154    3    109    107    169    
156    157    120    50    
157    156    121    51    
158    159    122    52    
159    158    123    53    
160    161    54    124    
161    160    55    125    
162    163    56    58    
163    162    57    59    
164    165    25    126    
165    164    24    127    
166    167    92    98    
167    166    93    99    
168    169    106    154    
169    168    107    155    
170    171    24    27    
171    170    25    26    
172    173    43    40    
173    172    40    43    
174    175    132    84    
175    174    133    85    
176    177    110    47    
177    176    111    44    
178    179    44    134    
179    178    47    135    
180    181    80    66    
181    180    81    67    
182    183    138    28    
183    182    139    31    
184    185    60    86    
185    184    61    87    
186    187    116    152    
187    186    117    153    
188    189    140    74    
189    188    141    75    
190    191    23    130    
191    190    22    131    
192    193    36    142    
193    192    39    143    
194    195    100    68    
195    194    101    69    
196    197    62    72    
197    196    63    73    
198    199    144    104    
199    198    145    105    
200    201    114    76    
201    200    115    77    
202    203    22    88    
203    202    21    89    
204    205    82    112    
205    204    83    113    
206    207    94    146    
207    206    95    147    
208    209    30    29    
209    208    31    28    
210    211    90    148    
211    210    91    149    
212    213    45    46    
213    212    46    45    
214    215    118    9    
215    214    119    8    
216    217    64    42    
217    216    65    41    
218    219    150    96    
219    218    151    97    
220    221    136    26    
221    220    137    25    
222    223    70    78    
223    222    71    79    
224    225    128    102    
225    224    129    103    
226    227    108    33    
227    226    109    32    
228    229    49    2    
229    228    2    49    
