0    1    2    4    8    458    
1    0    3    5    9    
2    0    6    10    16    515    
3    1    7    11    17    
4    0    12    18    30    
5    1    13    19    31    
6    2    14    20    32    
7    3    15    21    33    
8    0    22    34    56    
9    1    23    35    57    518    
10    2    24    36    58    518    635    
11    3    25    37    59    
12    4    26    38    60    
13    5    27    39    61    
14    6    28    40    62    533    
15    7    29    41    63    
16    2    42    64    104    516    625    
17    3    43    65    105    
18    4    44    66    106    502    591    653    
19    5    45    67    107    
20    6    46    68    108    
21    7    47    69    109    521    598    
22    8    48    70    110    580    
23    9    49    71    111    547    
24    10    50    72    112    
25    11    51    73    113    624    
26    12    52    74    114    596    
27    13    53    75    115    
28    14    54    76    116    
29    15    55    77    117    
30    4    78    118    192    557    
31    5    79    119    193    
32    6    80    120    194    589    
33    7    81    121    195    567    
34    8    82    122    196    606    
35    9    83    123    197    
36    10    84    124    198    
37    11    85    125    199    500    
38    12    86    126    200    
39    13    87    127    201    
40    14    88    128    202    
41    15    89    129    203    
42    16    90    130    204    
43    17    91    131    205    
44    18    92    132    206    
45    19    93    133    207    
46    20    94    134    208    
47    21    95    135    209    552    641    
48    22    96    136    210    
49    23    97    137    211    
50    24    98    138    212    
51    25    99    139    213    674    
52    26    100    140    214    590    
53    27    101    141    215    
54    28    102    142    216    
55    29    103    143    217    
56    8    144    218    312    486    
57    9    145    219    313    
58    10    146    220    314    442    
59    11    147    221    315    
60    12    148    222    316    468    
61    13    149    223    317    579    
62    14    150    224    318    577    
63    15    151    225    319    
64    16    152    226    320    
65    17    153    227    321    
66    18    154    228    572    600    
67    19    155    229    
68    20    156    230    
69    21    157    231    489    
70    22    158    232    322    
71    23    159    233    323    645    
72    24    160    234    491    
73    25    161    235    
74    26    162    236    439    
75    27    163    237    505    672    
76    28    164    238    
77    29    165    239    579    
78    30    166    240    324    682    
79    31    167    241    325    
80    32    168    242    326    
81    33    169    243    327    
82    34    170    244    328    
83    35    171    245    329    616    
84    36    172    246    
85    37    173    247    526    
86    38    174    248    646    
87    39    175    249    
88    40    176    250    494    
89    41    177    251    
90    42    178    252    330    676    
91    43    179    253    331    
92    44    180    254    
93    45    181    255    483    
94    46    182    256    477    512    623    
95    47    183    257    451    503    
96    48    184    258    332    436    
97    49    185    259    333    
98    50    186    260    448    
99    51    187    261    539    
100    52    188    262    428    564    
101    53    189    263    511    602    
102    54    190    264    432    569    668    
103    55    191    265    433    
104    16    266    334    398    433    668    
105    17    267    335    399    
106    18    268    336    520    662    
107    19    269    337    455    
108    20    270    338    513    591    
109    21    271    339    626    655    
110    22    272    340    400    
111    23    273    341    401    
112    24    274    342    
113    25    275    343    656    
114    26    276    344    512    557    
115    27    277    345    
116    28    278    346    
117    29    279    347    
118    30    280    348    
119    31    281    349    543    657    
120    32    282    350    546    
121    33    283    351    585    
122    34    284    352    436    438    545    
123    35    285    353    607    
124    36    444    
125    37    651    
126    38    480    484    498    650    
127    39    
128    40    
129    41    
130    42    286    354    
131    43    287    355    
132    44    575    634    
133    45    654    
134    46    429    478    523    536    562    599    621    
135    47    
136    48    288    356    
137    49    289    357    
138    50    
139    51    675    679    
140    52    488    619    643    
141    53    
142    54    487    548    565    
143    55    
144    56    290    358    402    473    611    
145    57    291    359    403    538    649    
146    58    292    360    544    
147    59    293    361    
148    60    294    362    458    580    595    
149    61    295    363    
150    62    296    364    437    514    578    
151    63    297    365    476    
152    64    298    366    509    601    630    
153    65    299    367    494    679    
154    66    504    528    589    
155    67    
156    68    462    466    566    605    
157    69    453    664    
158    70    300    368    459    648    
159    71    301    369    
160    72    473    535    568    
161    73    563    581    
162    74    551    
163    75    461    600    624    683    
164    76    626    
165    77    655    
166    78    302    370    669    
167    79    303    371    
168    80    304    372    573    646    
169    81    305    373    635    
170    82    306    374    676    
171    83    307    375    
172    84    612    663    
173    85    513    
174    86    
175    87    
176    88    446    604    637    657    
177    89    560    577    588    
178    90    308    376    
179    91    309    377    
180    92    474    623    
181    93    475    567    631    
182    94    492    559    564    677    681    
183    95    431    522    
184    96    310    378    485    
185    97    311    379    
186    98    592    629    669    
187    99    670    
188    100    426    656    
189    101    632    
190    102    437    539    593    634    
191    103    
192    30    380    404    636    
193    31    381    405    659    
194    32    382    406    464    
195    33    383    407    
196    34    384    408    
197    35    385    409    
198    36    367    
199    37    352    
200    38    315    500    652    
201    39    350    237    481    
202    40    379    442    
203    41    214    
204    42    386    410    493    575    
205    43    387    411    584    
206    44    361    323    486    497    
207    45    424    402    465    633    
208    46    237    542    562    613    
209    47    250    
210    48    388    412    484    622    
211    49    389    413    
212    50    367    405    
213    51    364    445    531    
214    52    203    618    652    
215    53    368    678    
216    54    365    434    667    
217    55    264    404    441    465    551    
218    56    390    414    440    585    605    
219    57    391    415    
220    58    490    661    
221    59    
222    60    450    483    
223    61    571    
224    62    469    482    496    527    665    
225    63    522    540    644    
226    64    672    
227    65    627    
228    66    377    315    322    542    544    
229    67    264    262    445    535    571    
230    68    347    231    353    349    620    
231    69    264    254    230    314    
232    70    434    650    
233    71    681    
234    72    365    339    566    
235    73    250    260    666    
236    74    263    264    441    480    491    528    
237    75    208    406    201    
238    76    379    377    255    
239    77    264    260    250    658    
240    78    611    667    680    
241    79    525    536    608    
242    80    456    460    554    582    599    
243    81    615    638    
244    82    495    574    613    673    
245    83    
246    84    251    351    524    
247    85    260    262    457    
248    86    379    421    468    612    
249    87    260    254    
250    88    263    239    419    375    209    371    369    235    333    329    353    452    677    
251    89    264    262    370    246    435    
252    90    
253    91    614    
254    92    231    249    351    401    425    
255    93    238    362    348    559    594    
256    94    265    257    618    
257    95    256    364    374    332    
258    96    440    653    
259    97    637    
260    98    347    239    407    331    351    355    247    249    235    
261    99    264    262    356    330    597    
262    100    251    261    373    247    363    229    317    426    508    
263    101    265    250    236    318    471    
264    102    265    239    217    251    261    319    231    345    413    399    229    236    641    
265    103    264    364    346    372    378    256    356    420    342    263    368    410    416    443    
266    104    392    416    463    534    
267    105    393    417    
268    106    336    598    
269    107    337    447    541    
270    108    338    
271    109    339    
272    110    394    418    640    675    
273    111    395    419    
274    112    342    587    
275    113    343    639    
276    114    344    531    532    665    
277    115    345    
278    116    346    501    642    
279    117    347    
280    118    515    523    651    678    
281    119    648    
282    120    546    560    
283    121    543    573    
284    122    548    628    658    
285    123    
286    130    510    597    633    636    
287    131    586    661    
288    136    447    453    470    
289    137    
290    144    396    420    561    680    
291    145    397    421    674    
292    146    360    517    554    592    
293    147    361    583    682    
294    148    362    547    629    
295    149    363    
296    150    364    455    467    534    555    
297    151    365    488    504    
298    152    
299    153    463    467    466    511    529    654    
300    158    479    482    496    640    671    
301    159    569    
302    166    370    638    
303    167    371    556    563    
304    168    372    429    449    506    586    627    
305    169    373    583    
306    170    
307    171    507    643    
308    178    376    503    
309    179    377    
310    184    378    444    595    
311    185    379    
312    56    422    424    448    555    645    
313    57    423    425    529    
314    58    231    506    509    530    549    644    
315    59    228    200    
316    60    417    456    492    508    
317    61    262    
318    62    263    647    
319    63    264    
320    64    321    350    
321    65    414    320    328    
322    70    421    228    464    470    
323    71    414    206    325    625    
324    78    377    532    
325    79    400    323    
326    80    343    427    
327    81    354    408    683    
328    82    367    321    
329    83    250    499    603    664    
330    90    261    
331    91    260    519    616    673    
332    96    257    590    
333    97    250    352    485    
334    104    545    570    572    628    
335    105    462    472    649    660    
336    106    268    361    
337    107    269    372    
338    108    270    377    487    594    596    
339    109    271    366    234    
340    110    533    540    
341    111    461    
342    112    274    265    574    
343    113    275    326    350    424    550    
344    114    276    365    
345    115    277    264    479    593    615    
346    116    278    265    476    495    520    
347    117    279    260    230    412    374    568    
348    118    255    367    497    
349    119    230    350    
350    120    377    343    415    201    349    320    432    526    
351    121    260    246    254    521    621    
352    122    367    333    199    414    565    617    666    
353    123    250    230    525    
354    130    327    375    454    460    
355    131    378    260    
356    136    265    261    
357    137    378    366    
358    144    
359    145    549    581    584    620    
360    146    292    373    438    606    647    
361    147    293    418    336    206    
362    148    294    255    446    642    
363    149    295    262    
364    150    296    265    257    213    439    
365    151    297    216    344    234    
366    152    339    357    415    427    499    632    670    
367    153    212    352    328    198    402    419    348    477    478    603    
368    158    265    215    
369    159    250    376    
370    166    302    251    430    
371    167    303    250    556    
372    168    304    265    417    337    524    610    
373    169    305    376    262    360    409    493    
374    170    257    347    469    
375    171    250    354    517    537    607    
376    178    308    373    379    369    
377    179    309    238    350    338    228    324    
378    184    310    265    411    355    357    505    510    
379    185    311    238    376    202    248    671    
380    192    404    428    430    507    561    
381    193    405    553    
382    194    406    474    588    
383    195    407    
384    196    408    481    501    570    660    
385    197    409    
386    204    410    451    604    617    
387    205    411    489    527    541    619    
388    210    412    514    516    
389    211    413    449    
390    218    538    576    659    
391    219    
392    266    416    
393    267    417    631    
394    272    418    490    582    608    
395    273    419    471    587    
396    290    420    435    
397    291    421    
398    104    403    609    
399    105    264    450    454    622    
400    110    325    459    558    610    
401    111    254    
402    144    367    207    578    
403    145    398    457    552    
404    192    380    217    602    
405    193    381    212    
406    194    382    237    472    530    
407    195    383    260    
408    196    384    327    
409    197    385    373    
410    204    386    265    431    
411    205    387    378    
412    210    388    347    498    
413    211    389    264    475    639    
414    218    323    321    352    
415    219    350    366    601    
416    266    392    265    443    662    
417    267    393    372    316    537    
418    272    394    361    
419    273    395    250    367    
420    290    396    265    452    
421    291    397    248    322    519    609    
422    312    424    502    
423    313    425    
424    312    422    343    207    550    663    
425    313    423    254    
426    427    188    262    
427    426    326    366    
428    429    100    380    
429    428    134    304    
430    431    380    370    
431    430    183    410    
432    433    350    102    
433    432    103    104    
434    435    232    216    
435    434    251    396    
436    437    122    96    
437    436    150    190    
438    439    360    122    
439    438    364    74    
440    441    258    218    
441    440    217    236    
442    443    58    202    
443    442    416    265    
444    445    310    124    
445    444    229    213    
446    447    176    362    
447    446    269    288    
448    449    98    312    
449    448    304    389    
450    451    222    399    
451    450    95    386    
452    453    420    250    
453    452    157    288    
454    455    354    399    
455    454    107    296    
456    457    316    242    
457    456    403    247    
458    459    0    148    
459    458    158    400    
460    461    242    354    
461    460    341    163    
462    463    156    335    
463    462    299    266    
464    465    194    322    
465    464    217    207    
466    467    156    299    
467    466    299    296    
468    469    60    248    
469    468    224    374    
470    471    322    288    
471    470    263    395    
472    473    335    406    
473    472    160    144    
474    475    382    180    
475    474    413    181    
476    477    151    346    
477    476    94    367    
478    479    134    367    
479    478    345    300    
480    481    126    236    
481    480    201    384    
482    483    224    300    
483    482    222    93    
484    485    210    126    
485    484    333    184    
486    487    206    56    
487    486    142    338    
488    489    140    297    
489    488    69    387    
490    491    394    220    
491    490    72    236    
492    493    182    316    
493    492    373    204    
494    495    153    88    
495    494    346    244    
496    497    224    300    
497    496    206    348    
498    499    412    126    
499    498    329    366    
500    501    200    37    
501    500    384    278    
502    503    18    422    
503    502    95    308    
504    505    297    154    
505    504    378    75    
506    507    304    314    
507    506    307    380    
508    509    262    316    
509    508    314    152    
510    511    378    286    
511    510    101    299    
512    513    94    114    
513    512    173    108    
514    515    388    150    
515    514    2    280    
516    517    388    16    
517    516    375    292    
518    519    10    9    
519    518    421    331    
520    521    346    106    
521    520    351    21    
522    523    225    183    
523    522    134    280    
524    525    372    246    
525    524    353    241    
526    527    85    350    
527    526    224    387    
528    529    236    154    
529    528    313    299    
530    531    314    406    
531    530    276    213    
532    533    324    276    
533    532    14    340    
534    535    296    266    
535    534    229    160    
536    537    134    241    
537    536    375    417    
538    539    145    390    
539    538    99    190    
540    541    340    225    
541    540    269    387    
542    543    208    228    
543    542    119    283    
544    545    146    228    
545    544    122    334    
546    547    120    282    
547    546    23    294    
548    549    284    142    
549    548    314    359    
550    551    343    424    
551    550    162    217    
552    553    47    403    
553    552    381    
554    555    292    242    
555    554    312    296    
556    557    303    371    
557    556    114    30    
558    559    400    
559    558    255    182    
560    561    177    282    
561    560    290    380    
562    563    208    134    
563    562    161    303    
564    565    182    100    
565    564    352    142    
566    567    234    156    
567    566    33    181    
568    569    160    347    
569    568    301    102    
570    571    384    334    
571    570    229    223    
572    573    334    66    
573    572    283    168    
574    575    244    342    
575    574    204    132    
576    577    390    
577    576    177    62    
578    579    402    150    
579    578    77    61    
580    581    22    148    
581    580    359    161    
582    583    242    394    
583    582    293    305    
584    585    359    205    
585    584    218    121    
586    587    304    287    
587    586    274    395    
588    589    177    382    
589    588    32    154    
590    591    52    332    
591    590    18    108    
592    593    186    292    
593    592    345    190    
594    595    255    338    
595    594    310    148    
596    597    338    26    
597    596    261    286    
598    599    21    268    
599    598    242    134    
600    601    163    66    
601    600    415    152    
602    603    101    404    
603    602    367    329    
604    605    176    386    
605    604    218    156    
606    607    34    360    
607    606    123    375    
608    609    241    394    
609    608    398    421    
610    611    372    400    
611    610    144    240    
612    613    248    172    
613    612    244    208    
614    615    253    
615    614    243    345    
616    617    331    83    
617    616    352    386    
618    619    214    256    
619    618    387    140    
620    621    359    230    
621    620    134    351    
622    623    399    210    
623    622    180    94    
624    625    163    25    
625    624    16    323    
626    627    164    109    
627    626    227    304    
628    629    334    284    
629    628    186    294    
630    631    152    
631    630    393    181    
632    633    366    189    
633    632    286    207    
634    635    190    132    
635    634    169    10    
636    637    192    286    
637    636    176    259    
638    639    302    243    
639    638    275    413    
640    641    300    272    
641    640    47    264    
642    643    362    278    
643    642    307    140    
644    645    225    314    
645    644    71    312    
646    647    168    86    
647    646    318    360    
648    649    158    281    
649    648    145    335    
650    651    232    126    
651    650    280    125    
652    653    200    214    
653    652    258    18    
654    655    133    299    
655    654    165    109    
656    657    188    113    
657    656    119    176    
658    659    284    239    
659    658    193    390    
660    661    335    384    
661    660    220    287    
662    663    416    106    
663    662    172    424    
664    665    329    157    
665    664    224    276    
666    667    352    235    
667    666    240    216    
668    669    104    102    
669    668    166    186    
670    671    366    187    
671    670    300    379    
672    673    226    75    
673    672    331    244    
674    675    291    51    
675    674    139    272    
676    677    90    170    
677    676    250    182    
678    679    215    280    
679    678    153    139    
680    681    290    240    
681    680    182    233    
682    683    293    78    
683    682    327    163    
