0    1    2    4    8    16    18    19    
1    0    3    5    9    17    19    112    
2    0    6    10    21    50    90    113    
3    1    7    11    18    19    20    26    27    51    91    
4    0    12    16    23    22    24    29    32    44    103    
5    1    13    17    20    22    23    24    25    29    28    33    
6    2    14    15    21    25    28    32    70    105    
7    3    15    12    33    45    71    102    104    
8    0    16    13    20    22    35    40    51    95    
9    1    17    15    21    23    34    35    48    50    87    110    
10    2    13    17    29    30    31    34    49    48    86    111    
11    3    14    12    16    28    31    30    41    49    94    
12    4    15    7    11    32    42    62    99    107    
13    5    10    8    25    27    33    43    46    106    108    
14    6    15    11    24    26    47    74    101    109    
15    7    14    6    12    9    63    75    98    100    
16    0    4    8    11    17    27    26    
17    1    5    9    10    16    
18    19    0    3    36    54    
19    18    1    0    3    37    55    
20    21    3    8    5    30    36    92    
21    20    2    9    6    31    37    93    
22    23    8    5    4    40    64    
23    22    9    4    5    41    65    
24    25    14    5    4    44    76    
25    24    13    6    5    45    77    
26    27    14    3    16    38    78    
27    26    13    16    3    39    79    
28    29    11    6    5    46    96    
29    28    10    5    4    47    97    
30    31    10    20    11    38    80    
31    30    11    21    10    39    81    
32    33    12    4    6    42    66    
33    32    13    7    5    43    67    
34    35    9    10    82    
35    34    8    9    83    
36    37    18    20    52    
37    36    19    21    53    
38    39    26    30    56    
39    38    27    31    57    
40    41    8    22    58    
41    40    11    23    59    
42    43    32    12    60    
43    42    33    13    61    
44    45    24    4    68    
45    44    25    7    69    
46    47    28    13    72    
47    46    29    14    73    
48    49    9    10    84    
49    48    10    11    85    
50    51    9    2    88    
51    50    8    3    89    
52    53    36    
53    52    37    
54    55    18    
55    54    19    
56    57    38    
57    56    39    
58    59    40    
59    58    41    
60    61    42    
61    60    43    
62    63    12    
63    62    15    
64    65    22    
65    64    23    
66    67    32    
67    66    33    
68    69    44    
69    68    45    
70    71    6    
71    70    7    
72    73    46    
73    72    47    
74    75    14    
75    74    15    
76    77    24    
77    76    25    
78    79    26    
79    78    27    
80    81    30    
81    80    31    
82    83    34    
83    82    35    
84    85    48    
85    84    49    
86    87    10    
87    86    9    
88    89    50    
89    88    51    
90    91    2    
91    90    3    
92    93    20    
93    92    21    
94    95    11    
95    94    8    
96    97    28    
97    96    29    
98    99    15    
99    98    12    
100    101    15    
101    100    14    
102    103    7    
103    102    4    
104    105    7    
105    104    6    
106    107    13    
107    106    12    
108    109    13    
109    108    14    
110    111    9    
111    110    10    
112    113    1    
113    112    2    
