0    1    2    4    8    16    32    48    51    50    74    
1    0    3    5    9    17    33    49    
2    0    6    10    18    34    75    176    246    259    
3    1    7    11    19    35    50    51    53    52    127    
4    0    12    20    36    44    73    164    221    248    
5    1    13    21    37    45    50    52    63    69    72    79    85    
6    2    14    22    38    46    51    53    62    68    78    121    
7    3    15    23    39    47    220    249    
8    0    24    40    48    42    49    99    198    211    
9    1    25    41    49    37    49    63    66    67    72    73    80    81    
10    2    26    42    47    35    41    62    67    66    73    72    81    87    
11    3    27    43    36    40    61    152    199    210    
12    4    28    44    39    47    60    62    73    76    79    84    87    
13    5    29    45    44    34    39    48    240    249    
14    6    30    46    43    15    45    170    241    248    
15    7    31    47    14    46    63    70    72    77    78    85    98    
16    0    53    54    55    56    57    58    59    61    64    65    71    
17    1    82    83    88    89    94    95    100    101    108    109    113    116    121    122    136    137    
18    2    76    82    89    88    95    94    101    100    109    108    112    117    120    123    137    177    
19    3    52    55    54    57    56    59    58    60    65    64    71    
20    4    64    69    70    75    76    78    81    91    90    96    99    102    105    110    113    119    
21    5    54    56    58    60    63    64    117    123    135    169    231    
22    6    55    57    59    61    65    110    116    122    134    135    168    230    
23    7    60    68    71    74    77    79    80    90    91    97    98    103    104    111    112    
24    8    66    69    70    76    79    82    85    87    90    93    96    98    105    110    113    
25    9    77    108    115    116    123    124    129    136    141    174    233    246    
26    10    83    108    114    117    122    125    128    137    140    175    232    247    
27    11    67    68    70    77    78    83    84    86    91    92    97    99    104    111    112    117    
28    12    61    104    106    113    114    118    121    131    132    161    160    209    210    
29    13    67    68    75    74    80    83    85    88    94    97    102    105    106    111    134    
30    14    62    66    69    74    75    81    82    84    89    95    96    103    104    107    110    115    
31    15    65    106    107    112    115    119    120    130    133    160    161    208    211    
32    0    48    47    35    44    126    140    153    182    221    
33    1    49    36    40    44    45    176    177    257    256    
34    2    43    39    35    41    13    136    177    256    257    
35    3    34    40    10    32    130    141    152    183    220    
36    4    11    45    41    37    33    48    118    124    127    133    132    163    
37    5    38    44    40    36    9    89    93    103    111    120    132    166    226    
38    6    43    39    47    41    37    84    88    92    102    133    167    227    
39    7    46    42    38    12    34    13    119    118    125    126    132    133    162    165    
40    8    41    35    37    11    33    116    119    123    124    130    131    152    153    
41    9    38    40    10    34    36    86    87    92    93    98    101    106    109    
42    10    39    43    47    45    8    80    86    93    92    99    100    107    109    
43    11    14    46    38    42    34    118    122    125    131    130    153    
44    12    4    45    37    13    33    32    71    90    95    96    101    102    107    
45    13    5    42    14    44    36    33    115    114    121    124    134    135    168    171    
46    14    6    39    43    15    114    120    125    135    134    169    
47    15    7    42    38    10    12    32    86    91    94    97    100    103    105    
48    0    8    32    13    36    49    50    52    53    131    
49    1    9    33    8    48    9    247    258    
50    51    3    0    5    48    126    138    178    
51    50    0    3    6    127    139    179    
52    53    5    48    3    19    126    140    184    
53    52    6    3    48    16    127    141    185    
54    55    16    21    19    128    142    214    
55    54    19    22    16    129    143    215    
56    57    16    19    21    128    142    188    
57    56    19    16    22    129    143    189    
58    59    16    19    21    128    142    236    
59    58    19    16    22    129    143    237    
60    61    21    19    12    23    154    188    
61    60    22    16    11    28    155    189    
62    63    12    6    10    30    154    184    
63    62    15    5    9    21    155    185    
64    65    16    21    20    19    144    212    
65    64    19    22    31    16    145    213    
66    67    9    10    24    30    144    232    
67    66    10    9    27    29    145    233    
68    69    29    27    23    6    164    190    
69    68    30    24    20    5    165    191    
70    71    27    20    15    24    144    202    
71    70    16    23    44    19    145    203    
72    73    5    15    9    10    170    200    
73    72    4    12    10    9    171    201    
74    75    30    0    23    29    138    234    
75    74    29    2    20    30    139    235    
76    77    24    18    12    20    146    200    
77    76    27    25    15    23    147    201    
78    79    6    27    20    15    162    222    
79    78    5    24    23    12    163    223    
80    81    9    42    23    29    170    212    
81    80    10    9    20    30    171    213    
82    83    30    17    18    24    146    234    
83    82    29    26    17    27    147    235    
84    85    27    38    12    30    154    224    
85    84    24    5    15    29    155    225    
86    87    27    47    41    42    172    192    
87    86    24    12    10    41    173    193    
88    89    17    18    29    38    164    250    
89    88    18    17    30    37    165    251    
90    91    23    44    24    20    146    202    
91    90    20    47    27    23    147    203    
92    93    27    38    41    42    156    244    
93    92    24    37    42    41    157    245    
94    95    47    17    18    29    174    242    
95    94    44    18    17    30    175    243    
96    97    44    24    20    30    148    204    
97    96    47    27    23    29    149    205    
98    99    23    15    24    41    148    198    
99    98    20    8    27    42    149    199    
100    101    42    47    17    18    172    252    
101    100    41    44    18    17    173    253    
102    103    29    44    38    20    156    224    
103    102    30    47    37    23    157    225    
104    105    30    27    23    28    156    236    
105    104    29    24    20    47    157    237    
106    107    41    31    28    29    158    206    
107    106    42    44    31    30    159    207    
108    109    26    25    17    18    172    252    
109    108    41    42    18    17    173    253    
110    111    24    22    20    30    148    228    
111    110    27    37    23    29    149    229    
112    113    27    23    18    31    174    194    
113    112    24    20    17    28    175    195    
114    115    28    46    45    26    158    238    
115    114    31    45    30    25    159    239    
116    117    17    22    25    40    150    226    
117    116    18    21    26    27    151    227    
118    119    36    39    43    28    158    216    
119    118    39    20    40    31    159    217    
120    121    37    46    31    18    168    254    
121    120    6    45    28    17    169    255    
122    123    43    22    26    17    166    244    
123    122    40    21    25    18    167    245    
124    125    45    40    36    25    150    216    
125    124    46    43    39    26    151    217    
126    127    39    50    52    32    138    180    
127    126    36    51    53    3    139    181    
128    129    54    56    58    26    162    186    
129    128    55    57    59    25    163    187    
130    131    35    40    43    31    150    180    
131    130    48    43    40    28    151    181    
132    133    28    39    36    37    160    218    
133    132    31    36    39    38    161    219    
134    135    22    29    45    46    166    238    
135    134    21    22    46    45    167    239    
136    137    25    17    34    254    
137    136    26    18    17    255    
138    139    74    126    50    178    
139    138    75    127    51    179    
140    141    52    32    26    182    
141    140    53    35    25    183    
142    143    54    56    58    186    
143    142    55    57    59    187    
144    145    64    70    66    190    
145    144    65    71    67    191    
146    147    76    82    90    192    
147    146    77    83    91    193    
148    149    96    98    110    194    
149    148    97    99    111    195    
150    151    116    124    130    196    
151    150    117    125    131    197    
152    153    40    11    35    196    
153    152    43    40    32    197    
154    155    60    62    84    222    
155    154    61    63    85    223    
156    157    92    102    104    204    
157    156    93    103    105    205    
158    159    106    114    118    206    
159    158    107    115    119    207    
160    161    31    28    132    208    
161    160    28    31    133    209    
162    163    78    128    39    214    
163    162    79    129    36    215    
164    165    4    68    88    218    
165    164    39    69    89    219    
166    167    37    122    134    228    
167    166    38    123    135    229    
168    169    22    120    45    230    
169    168    21    121    46    231    
170    171    14    72    80    240    
171    170    45    73    81    241    
172    173    86    100    108    242    
173    172    87    101    109    243    
174    175    25    94    112    250    
175    174    26    95    113    251    
176    177    33    2    258    
177    176    18    34    33    259    
178    179    138    50    
179    178    139    51    
180    181    126    130    
181    180    127    131    
182    183    140    32    
183    182    141    35    
184    185    62    52    
185    184    63    53    
186    187    142    128    
187    186    143    129    
188    189    56    60    
189    188    57    61    
190    191    144    68    
191    190    145    69    
192    193    146    86    
193    192    147    87    
194    195    148    112    
195    194    149    113    
196    197    150    152    
197    196    151    153    
198    199    8    98    
199    198    11    99    
200    201    72    76    
201    200    73    77    
202    203    70    90    
203    202    71    91    
204    205    96    156    
205    204    97    157    
206    207    106    158    
207    206    107    159    
208    209    160    31    
209    208    161    28    
210    211    28    11    
211    210    31    8    
212    213    64    80    
213    212    65    81    
214    215    54    162    
215    214    55    163    
216    217    118    124    
217    216    119    125    
218    219    132    164    
219    218    133    165    
220    221    7    35    
221    220    4    32    
222    223    154    78    
223    222    155    79    
224    225    84    102    
225    224    85    103    
226    227    37    116    
227    226    38    117    
228    229    166    110    
229    228    167    111    
230    231    168    22    
231    230    169    21    
232    233    26    66    
233    232    25    67    
234    235    74    82    
235    234    75    83    
236    237    58    104    
237    236    59    105    
238    239    114    134    
239    238    115    135    
240    241    170    13    
241    240    171    14    
242    243    172    94    
243    242    173    95    
244    245    92    122    
245    244    93    123    
246    247    2    25    
247    246    49    26    
248    249    14    4    
249    248    13    7    
250    251    88    174    
251    250    89    175    
252    253    100    108    
253    252    101    109    
254    255    120    136    
255    254    121    137    
256    257    34    33    
257    256    33    34    
258    259    176    49    
259    258    177    2    
