0    1    2    4    6    8    9    
1    0    3    5    24    
2    0    9    10    13    12    22    25    
3    1    7    6    8    11    
4    0    5    7    10    
5    1    4    12    13    23    
6    7    0    3    16    
7    6    3    4    17    
8    9    0    3    14    
9    8    2    0    15    
10    11    4    2    18    
11    10    3    19    
12    13    5    2    20    
13    12    2    5    21    
14    15    8    
15    14    9    
16    17    6    
17    16    7    
18    19    10    
19    18    11    
20    21    12    
21    20    13    
22    23    2    
23    22    5    
24    25    1    
25    24    2    
