0    1    2    4    8    465    614    
1    0    3    5    9    
2    0    6    10    16    615    
3    1    7    11    17    427    
4    0    12    18    30    538    617    
5    1    13    19    31    557    616    
6    2    14    20    32    540    641    
7    3    15    21    33    541    614    
8    0    22    34    56    446    471    
9    1    23    35    57    
10    2    24    36    58    
11    3    25    37    59    449    468    
12    4    26    38    60    448    669    
13    5    27    39    61    
14    6    28    40    62    700    
15    7    29    41    63    451    470    
16    2    42    64    104    
17    3    43    65    105    431    
18    4    44    66    106    454    479    
19    5    45    67    107    
20    6    46    68    108    
21    7    47    69    109    459    
22    8    48    70    110    426    617    
23    9    49    71    111    
24    10    50    72    112    
25    11    51    73    113    435    
26    12    52    74    114    680    
27    13    53    75    115    
28    14    54    76    116    
29    15    55    77    117    455    
30    4    78    118    192    476    521    
31    5    79    119    193    
32    6    80    120    194    
33    7    81    121    195    
34    8    82    122    196    430    
35    9    83    123    197    
36    10    84    124    198    
37    11    85    125    199    
38    12    86    126    200    
39    13    87    127    201    635    
40    14    88    128    202    540    
41    15    89    129    203    
42    16    90    130    204    
43    17    91    131    205    429    464    
44    18    92    132    206    
45    19    93    133    207    
46    20    94    134    208    
47    21    95    135    209    477    
48    22    96    136    210    
49    23    97    137    211    
50    24    98    138    212    
51    25    99    139    213    
52    26    100    140    214    649    
53    27    101    141    215    541    
54    28    102    142    216    456    
55    29    103    143    217    
56    8    144    218    312    691    
57    9    145    219    313    
58    10    146    220    314    
59    11    147    221    315    437    
60    12    148    222    316    512    
61    13    149    223    317    
62    14    150    224    318    613    
63    15    151    225    319    490    
64    16    152    226    320    
65    17    153    227    321    
66    18    154    228    513    660    686    
67    19    155    229    483    491    504    544    
68    20    156    230    482    545    569    628    
69    21    157    231    687    
70    22    158    232    322    
71    23    159    233    323    691    
72    24    160    234    624    
73    25    161    235    505    693    
74    26    162    236    524    534    
75    27    163    237    609    
76    28    164    238    586    608    687    
77    29    165    239    525    537    
78    30    166    240    324    615    
79    31    167    241    325    593    640    
80    32    168    242    326    556    573    
81    33    169    243    327    539    
82    34    170    244    328    
83    35    171    245    329    517    
84    36    172    246    620    644    
85    37    173    247    
86    38    174    248    564    
87    39    175    249    
88    40    176    250    694    
89    41    177    251    565    585    
90    42    178    252    330    690    
91    43    179    253    331    
92    44    180    254    
93    45    181    255    455    496    629    
94    46    182    256    454    505    598    
95    47    183    257    512    
96    48    184    258    332    
97    49    185    259    333    
98    50    186    260    580    600    
99    51    187    261    660    696    
100    52    188    262    438    440    
101    53    189    263    477    485    686    
102    54    190    264    476    
103    55    191    265    441    535    
104    16    266    334    398    
105    17    267    335    399    456    
106    18    268    336    472    501    605    
107    19    269    337    655    
108    20    270    338    654    
109    21    271    339    473    500    
110    22    272    340    400    583    
111    23    273    341    401    611    
112    24    274    342    
113    25    275    343    
114    26    276    344    652    
115    27    277    345    487    558    574    
116    28    278    346    480    486    575    653    
117    29    279    347    
118    30    280    348    522    581    
119    31    281    349    674    
120    32    282    350    
121    33    283    351    523    580    
122    34    284    352    498    504    697    
123    35    285    353    
124    36    
125    37    
126    38    
127    39    509    521    531    547    
128    40    508    520    530    
129    41    
130    42    286    354    610    
131    43    287    355    
132    44    
133    45    441    573    597    627    680    
134    46    572    596    626    678    681    
135    47    
136    48    288    356    582    
137    49    289    357    
138    50    470    478    486    494    
139    51    
140    52    518    
141    53    
142    54    536    
143    55    533    
144    56    290    358    402    469    
145    57    291    359    403    
146    58    292    360    
147    59    293    361    447    
148    60    294    362    450    670    
149    61    295    363    571    701    
150    62    296    364    554    570    
151    63    297    365    668    671    
152    64    298    366    
153    65    299    367    583    626    650    
154    66    576    606    631    632    659    685    
155    67    602    
156    68    
157    69    561    577    604    607    630    633    658    684    
158    70    300    368    595    622    667    
159    71    301    369    
160    72    
161    73    461    467    475    481    656    682    
162    74    566    586    602    628    
163    75    515    527    535    547    652    
164    76    514    526    534    
165    77    587    603    629    653    
166    78    302    370    552    
167    79    303    371    
168    80    304    372    675    
169    81    305    373    553    567    
170    82    306    374    463    661    692    
171    83    307    375    601    625    
172    84    
173    85    
174    86    622    646    676    
175    87    559    577    609    635    
176    88    546    558    576    608    
177    89    647    677    
178    90    308    376    
179    91    309    377    582    594    623    647    
180    92    446    
181    93    443    445    449    453    
182    94    440    442    444    448    
183    95    
184    96    310    378    457    562    651    
185    97    311    379    
186    98    502    510    522    528    
187    99    698    
188    100    426    428    439    532    
189    101    507    515    525    537    
190    102    498    506    514    524    
191    103    427    429    433    438    
192    30    380    404    
193    31    381    405    
194    32    382    406    
195    33    383    407    489    
196    34    384    408    657    
197    35    385    409    
198    36    367    
199    37    352    690    
200    38    315    
201    39    350    237    663    693    
202    40    379    634    662    692    
203    41    214    
204    42    386    410    
205    43    387    411    
206    44    361    323    
207    45    424    402    633    651    679    
208    46    237    632    650    
209    47    250    
210    48    388    412    
211    49    389    413    
212    50    367    405    516    528    542    
213    51    364    
214    52    203    679    
215    53    368    451    453    457    
216    54    365    450    452    
217    55    264    404    519    648    678    
218    56    390    414    
219    57    391    415    645    675    
220    58    
221    59    443    
222    60    569    575    595    621    
223    61    501    
224    62    639    
225    63    431    544    568    574    594    
226    64    
227    65    
228    66    377    315    322    560    578    607    
229    67    264    262    497    568    588    
230    68    347    231    353    349    490    496    589    603    
231    69    264    254    230    314    579    606    661    
232    70    
233    71    
234    72    365    339    600    
235    73    250    260    489    499    
236    74    263    264    536    552    
237    75    208    406    201    565    587    
238    76    379    377    255    546    564    
239    77    264    260    250    553    567    
240    78    
241    79    592    618    642    
242    80    593    619    643    670    
243    81    555    
244    82    
245    83    479    487    495    503    
246    84    251    351    674    
247    85    260    262    
248    86    379    421    584    596    
249    87    260    254    665    695    
250    88    263    239    419    375    209    371    369    235    333    329    353    634    664    
251    89    264    262    370    246    597    623    
252    90    
253    91    
254    92    231    249    351    401    425    444    
255    93    238    362    348    599    
256    94    265    257    452    497    
257    95    256    364    374    332    445    447    
258    96    
259    97    
260    98    347    239    407    331    351    355    247    249    235    548    562    
261    99    264    262    356    330    462    464    
262    100    251    261    373    247    363    229    317    432    434    
263    101    265    250    236    318    493    499    
264    102    265    239    217    251    261    319    231    345    413    399    229    236    484    492    
265    103    264    364    346    372    378    256    356    420    342    263    368    410    416    435    439    
266    104    392    416    682    
267    105    393    417    
268    106    336    458    460    466    485    493    
269    107    337    
270    108    338    
271    109    339    461    467    478    484    492    
272    110    394    418    428    641    
273    111    395    419    
274    112    342    604    630    656    
275    113    343    
276    114    344    
277    115    345    459    463    469    508    518    
278    116    346    458    462    509    519    531    
279    117    347    681    
280    118    488    494    502    510    533    549    561    
281    119    
282    120    
283    121    495    503    511    532    548    560    611    
284    122    460    466    474    683    
285    123    
286    130    694    
287    131    645    673    
288    136    
289    137    659    685    
290    144    396    420    436    
291    145    397    421    621    
292    146    360    
293    147    361    613    
294    148    362    545    
295    149    363    507    517    527    638    666    698    
296    150    364    500    506    516    667    699    
297    151    365    
298    152    688    
299    153    550    556    
300    158    
301    159    
302    166    370    696    
303    167    371    673    
304    168    372    672    
305    169    373    
306    170    
307    171    511    523    529    549    
308    178    376    
309    179    377    
310    184    378    551    557    591    
311    185    379    
312    56    422    424    
313    57    423    425    
314    58    231    578    
315    59    228    200    
316    60    417    430    432    436    475    483    491    
317    61    262    612    
318    62    263    
319    63    264    433    437    474    482    513    620    
320    64    321    350    
321    65    414    320    328    625    649    
322    70    421    228    
323    71    414    206    325    
324    78    377    554    570    590    
325    79    400    323    572    619    643    671    
326    80    343    592    618    642    
327    81    354    408    571    591    
328    82    367    321    
329    83    250    471    529    543    
330    90    261    
331    91    260    
332    96    257    624    648    
333    97    250    352    
334    104    658    684    
335    105    
336    106    268    361    
337    107    269    372    
338    108    270    377    654    
339    109    271    366    234    
340    110    644    672    
341    111    
342    112    274    265    588    
343    113    275    326    350    424    
344    114    276    365    
345    115    277    264    473    481    530    542    
346    116    278    265    468    472    543    559    
347    117    279    260    230    412    374    
348    118    255    367    610    636    
349    119    230    350    
350    120    377    343    415    201    349    320    
351    121    260    246    254    637    
352    122    367    333    199    414    480    488    
353    123    250    230    601    
354    130    327    375    636    664    
355    131    378    260    
356    136    265    261    
357    137    378    366    
358    144    442    
359    145    
360    146    292    373    
361    147    293    418    336    206    639    669    
362    148    294    255    
363    149    295    262    539    555    
364    150    296    265    257    213    526    538    
365    151    297    216    344    234    
366    152    339    357    415    662    
367    153    212    352    328    198    402    419    348    551    563    590    598    
368    158    265    215    646    677    688    
369    159    250    376    
370    166    302    251    566    584    
371    167    303    250    
372    168    304    265    417    337    
373    169    305    376    262    360    409    585    697    
374    170    257    347    465    699    
375    171    250    354    563    581    
376    178    308    373    379    369    
377    179    309    238    350    338    228    324    666    676    689    
378    184    310    265    411    355    357    550    599    627    
379    185    311    238    376    202    248    663    689    
380    192    404    
381    193    405    
382    194    406    
383    195    407    520    
384    196    408    434    
385    197    409    631    657    
386    204    410    
387    205    411    616    640    
388    210    412    
389    211    413    683    
390    218    
391    219    
392    266    416    
393    267    417    
394    272    418    
395    273    419    
396    290    420    
397    291    421    579    
398    104    403    
399    105    264    
400    110    325    
401    111    254    637    665    695    
402    144    367    207    612    638    668    
403    145    398    
404    192    380    217    
405    193    381    212    
406    194    382    237    
407    195    383    260    
408    196    384    327    
409    197    385    373    589    605    
410    204    386    265    
411    205    387    378    
412    210    388    347    
413    211    389    264    
414    218    323    321    352    
415    219    350    366    
416    266    392    265    
417    267    393    372    316    
418    272    394    361    
419    273    395    250    367    
420    290    396    265    
421    291    397    248    322    
422    312    424    
423    313    425    
424    312    422    343    207    
425    313    423    254    
426    427    22    188    
427    426    3    191    
428    429    272    188    
429    428    43    191    
430    431    316    34    
431    430    225    17    
432    433    262    316    
433    432    191    319    
434    435    384    262    
435    434    25    265    
436    437    316    290    
437    436    319    59    
438    439    100    191    
439    438    265    188    
440    441    182    100    
441    440    133    103    
442    443    358    182    
443    442    221    181    
444    445    254    182    
445    444    257    181    
446    447    180    8    
447    446    257    147    
448    449    12    182    
449    448    11    181    
450    451    216    148    
451    450    215    15    
452    453    256    216    
453    452    181    215    
454    455    18    94    
455    454    29    93    
456    457    54    105    
457    456    215    184    
458    459    268    278    
459    458    21    277    
460    461    284    268    
461    460    161    271    
462    463    278    261    
463    462    277    170    
464    465    43    261    
465    464    0    374    
466    467    284    268    
467    466    161    271    
468    469    346    11    
469    468    277    144    
470    471    15    138    
471    470    8    329    
472    473    346    106    
473    472    345    109    
474    475    284    319    
475    474    161    316    
476    477    102    30    
477    476    101    47    
478    479    271    138    
479    478    18    245    
480    481    116    352    
481    480    345    161    
482    483    319    68    
483    482    316    67    
484    485    264    271    
485    484    101    268    
486    487    138    116    
487    486    245    115    
488    489    280    352    
489    488    195    235    
490    491    63    230    
491    490    316    67    
492    493    264    271    
493    492    263    268    
494    495    138    280    
495    494    245    283    
496    497    93    230    
497    496    256    229    
498    499    190    122    
499    498    263    235    
500    501    296    109    
501    500    223    106    
502    503    186    280    
503    502    245    283    
504    505    122    67    
505    504    73    94    
506    507    190    296    
507    506    189    295    
508    509    277    128    
509    508    278    127    
510    511    186    280    
511    510    307    283    
512    513    60    95    
513    512    319    66    
514    515    190    164    
515    514    189    163    
516    517    296    212    
517    516    295    83    
518    519    277    140    
519    518    278    217    
520    521    128    383    
521    520    127    30    
522    523    186    118    
523    522    307    121    
524    525    74    190    
525    524    77    189    
526    527    364    164    
527    526    295    163    
528    529    212    186    
529    528    329    307    
530    531    345    128    
531    530    278    127    
532    533    188    283    
533    532    143    280    
534    535    164    74    
535    534    163    103    
536    537    236    142    
537    536    77    189    
538    539    364    4    
539    538    363    81    
540    541    40    6    
541    540    53    7    
542    543    212    345    
543    542    329    346    
544    545    225    67    
545    544    294    68    
546    547    176    238    
547    546    127    163    
548    549    283    260    
549    548    280    307    
550    551    378    299    
551    550    367    310    
552    553    166    236    
553    552    169    239    
554    555    324    150    
555    554    243    363    
556    557    80    299    
557    556    5    310    
558    559    115    176    
559    558    346    175    
560    561    283    228    
561    560    280    157    
562    563    260    184    
563    562    375    367    
564    565    238    86    
565    564    237    89    
566    567    370    162    
567    566    169    239    
568    569    225    229    
569    568    222    68    
570    571    324    150    
571    570    327    149    
572    573    325    134    
573    572    80    133    
574    575    225    115    
575    574    222    116    
576    577    154    176    
577    576    157    175    
578    579    314    228    
579    578    397    231    
580    581    98    121    
581    580    375    118    
582    583    136    179    
583    582    153    110    
584    585    248    370    
585    584    89    373    
586    587    76    162    
587    586    237    165    
588    589    229    342    
589    588    230    409    
590    591    324    367    
591    590    327    310    
592    593    326    241    
593    592    79    242    
594    595    225    179    
595    594    222    158    
596    597    248    134    
597    596    251    133    
598    599    367    94    
599    598    378    255    
600    601    98    234    
601    600    171    353    
602    603    155    162    
603    602    230    165    
604    605    274    157    
605    604    409    106    
606    607    154    231    
607    606    157    228    
608    609    76    176    
609    608    75    175    
610    611    348    130    
611    610    283    111    
612    613    317    402    
613    612    62    293    
614    615    7    0    
615    614    78    2    
616    617    5    387    
617    616    4    22    
618    619    326    241    
619    618    325    242    
620    621    319    84    
621    620    222    291    
622    623    158    174    
623    622    179    251    
624    625    72    332    
625    624    171    321    
626    627    134    153    
627    626    133    378    
628    629    68    162    
629    628    93    165    
630    631    274    157    
631    630    385    154    
632    633    154    208    
633    632    157    207    
634    635    202    250    
635    634    39    175    
636    637    348    354    
637    636    351    401    
638    639    295    402    
639    638    224    361    
640    641    79    387    
641    640    6    272    
642    643    326    241    
643    642    325    242    
644    645    340    84    
645    644    287    219    
646    647    368    174    
647    646    179    177    
648    649    217    332    
649    648    52    321    
650    651    208    153    
651    650    207    184    
652    653    163    114    
653    652    116    165    
654    655    108    338    
655    654    107    
656    657    274    161    
657    656    385    196    
658    659    334    157    
659    658    289    154    
660    661    66    99    
661    660    231    170    
662    663    366    202    
663    662    379    201    
664    665    250    354    
665    664    249    401    
666    667    377    295    
667    666    158    296    
668    669    402    151    
669    668    361    12    
670    671    148    242    
671    670    151    325    
672    673    304    340    
673    672    303    287    
674    675    119    246    
675    674    168    219    
676    677    377    174    
677    676    368    177    
678    679    217    134    
679    678    214    207    
680    681    133    26    
681    680    134    279    
682    683    266    161    
683    682    389    284    
684    685    334    157    
685    684    289    154    
686    687    66    101    
687    686    69    76    
688    689    298    368    
689    688    379    377    
690    691    90    199    
691    690    71    56    
692    693    202    170    
693    692    201    73    
694    695    88    286    
695    694    249    401    
696    697    302    99    
697    696    373    122    
698    699    187    295    
699    698    374    296    
700    701    14    
701    700    149    
