0    1    2    4    8    16    32    48    50    81    
1    0    3    5    9    17    33    49    51    
2    0    6    10    18    34    166    250    
3    1    7    11    19    35    51    53    55    59    80    88    108    118    
4    0    12    20    36    44    94    214    
5    1    13    21    37    45    54    55    58    61    64    70    97    101    
6    2    14    22    38    46    50    52    93    111    119    193    216    
7    3    15    23    39    47    115    127    
8    0    24    40    48    42    49    77    111    179    
9    1    25    41    49    37    49    54    57    61    60    99    107    
10    2    26    42    47    35    41    67    73    79    96    100    103    160    236    
11    3    27    43    36    40    190    
12    4    28    44    39    47    53    59    63    110    118    144    194    
13    5    29    45    44    34    39    48    158    165    232    245    
14    6    30    46    43    15    45    77    85    114    126    
15    7    31    47    14    46    57    61    65    71    92    110    118    192    
16    0    52    54    56    62    66    72    76    89    101    109    110    121    129    173    
17    1    87    98    99    107    106    116    117    122    164    167    214    229    
18    2    51    50    53    55    56    60    68    74    80    86    113    127    151    247    
19    3    57    61    65    81    83    88    90    95    108    120    132    134    153    178    221    
20    4    66    72    78    84    91    92    104    105    107    111    112    127    143    148    189    
21    5    65    71    75    83    94    100    114    117    121    122    163    224    
22    6    75    76    82    89    93    94    101    102    114    159    197    224    
23    7    78    81    87    97    102    105    112    120    148    159    206    210    231    
24    8    53    55    57    58    63    62    68    72    78    84    89    90    109    121    124    133    
25    9    69    75    81    87    98    106    116    124    132    165    215    242    
26    10    93    98    105    104    113    118    121    122    149    164    211    244    
27    11    52    58    62    68    72    77    78    83    84    90    95    101    103    115    225    
28    12    58    62    66    70    73    76    79    84    85    91    125    
29    13    64    70    76    82    96    99    105    107    108    114    117    119    123    125    126    
30    14    56    59    60    63    67    66    68    71    74    86    93    96    103    102    113    125    
31    15    75    87    92    97    102    103    109    112    115    124    127    146    202    
32    0    48    47    35    44    88    100    109    108    119    120    
33    1    49    36    40    44    45    166    167    228    251    
34    2    43    39    35    41    13    86    95    98    106    116    215    
35    3    34    40    10    32    65    71    128    172    217    
36    4    11    45    41    37    33    48    50    51    52    54    191    
37    5    38    44    40    36    9    80    82    94    152    161    237    
38    6    43    39    47    41    37    56    60    64    111    119    145    195    220    
39    7    46    42    38    12    34    13    112    126    150    159    233    246    
40    8    41    35    37    11    33    67    73    91    90    106    135    142    188    
41    9    38    40    10    34    36    64    70    74    82    117    123    
42    10    39    43    47    45    8    79    85    113    116    120    162    207    
43    11    14    46    38    42    34    104    110    115    123    126    142    225    
44    12    4    45    37    13    33    32    63    69    73    74    88    92    100    
45    13    5    42    14    44    36    33    133    158    165    230    243    
46    14    6    39    43    15    80    86    96    104    147    203    
47    15    7    42    38    10    12    32    67    69    77    83    158    196    
48    0    8    32    13    36    49    89    
49    1    9    33    8    48    9    
50    51    36    0    18    6    128    210    
51    50    18    1    36    3    129    211    
52    53    16    36    27    6    130    212    
53    52    24    18    12    3    131    213    
54    55    36    16    5    9    138    212    
55    54    18    24    3    5    139    213    
56    57    38    30    18    16    132    218    
57    56    19    15    9    24    133    219    
58    59    24    27    28    5    136    198    
59    58    12    30    3    137    199    
60    61    18    38    30    9    152    226    
61    60    9    19    15    5    153    227    
62    63    28    16    24    27    150    182    
63    62    30    24    12    44    151    183    
64    65    29    5    41    38    152    220    
65    64    15    35    21    19    153    221    
66    67    28    16    30    20    134    200    
67    66    30    40    47    10    135    201    
68    69    24    27    18    30    138    226    
69    68    44    25    47    139    227    
70    71    5    41    29    28    146    238    
71    70    35    21    15    30    147    239    
72    73    16    20    24    27    156    182    
73    72    40    10    44    28    157    183    
74    75    18    30    44    41    144    228    
75    74    25    31    22    21    145    229    
76    77    22    28    29    16    134    202    
77    76    27    14    47    8    135    203    
78    79    23    20    24    27    166    244    
79    78    10    42    28    167    245    
80    81    18    46    37    3    136    246    
81    80    25    23    19    0    137    247    
82    83    37    29    41    22    154    218    
83    82    19    47    21    27    155    219    
84    85    28    20    24    27    138    204    
85    84    14    42    28    139    205    
86    87    18    34    46    30    156    186    
87    86    25    17    23    31    157    187    
88    89    44    3    32    19    168    234    
89    88    22    48    16    24    169    235    
90    91    19    24    27    40    140    186    
91    90    40    28    20    141    187    
92    93    15    44    31    20    144    206    
93    92    6    22    30    26    145    207    
94    95    4    37    21    22    150    170    
95    94    34    19    27    151    171    
96    97    29    30    46    10    156    230    
97    96    31    23    5    157    231    
98    99    26    17    25    34    162    248    
99    98    29    9    17    163    249    
100    101    10    21    32    44    128    198    
101    100    5    27    16    22    129    199    
102    103    31    22    30    23    154    176    
103    102    30    27    31    10    155    177    
104    105    46    20    26    43    148    232    
105    104    23    26    29    20    149    233    
106    107    40    34    25    17    140    248    
107    106    20    17    29    9    141    249    
108    109    29    3    32    19    130    170    
109    108    31    32    16    24    131    171    
110    111    16    43    12    15    136    192    
111    110    8    20    6    38    137    193    
112    113    31    23    20    39    124    146    204    
113    112    30    42    26    18    125    147    205    
114    115    22    21    29    14    122    160    222    
115    114    43    27    31    7    123    161    223    
116    117    42    25    17    34    162    250    
117    116    21    29    41    17    163    251    
118    119    26    12    15    3    142    240    
119    118    29    6    38    32    143    241    
120    121    42    23    32    19    130    238    
121    120    21    26    16    24    131    239    
122    123    26    114    21    17    154    240    
123    122    29    115    43    41    155    241    
124    125    25    31    112    24    140    208    
125    124    29    30    113    28    141    209    
126    127    39    43    29    14    160    184    
127    126    18    20    31    7    161    185    
128    129    50    35    100    168    
129    128    51    16    101    169    
130    131    108    120    52    172    
131    130    109    121    53    173    
132    133    25    56    19    174    
133    132    45    57    24    175    
134    135    66    19    76    176    
135    134    67    40    77    177    
136    137    110    58    80    180    
137    136    111    59    81    181    
138    139    68    54    84    174    
139    138    69    55    85    175    
140    141    90    124    106    180    
141    140    91    125    107    181    
142    143    40    43    118    188    
143    142    20    119    189    
144    145    12    74    92    194    
145    144    38    75    93    195    
146    147    112    70    31    200    
147    146    113    71    46    201    
148    149    104    23    20    208    
149    148    105    26    209    
150    151    39    94    62    216    
151    150    18    95    63    217    
152    153    60    64    37    190    
153    152    61    65    19    191    
154    155    82    102    122    222    
155    154    83    103    123    223    
156    157    72    86    96    178    
157    156    73    87    97    179    
158    159    45    47    13    196    
159    158    23    22    39    197    
160    161    114    126    10    234    
161    160    115    127    37    235    
162    163    116    42    98    236    
163    162    117    21    99    237    
164    165    26    17    242    
165    164    45    13    25    243    
166    167    33    78    2    184    
167    166    17    79    33    185    
168    169    88    128    
169    168    89    129    
170    171    108    94    
171    170    109    95    
172    173    35    130    
173    172    16    131    
174    175    138    132    
175    174    139    133    
176    177    102    134    
177    176    103    135    
178    179    156    19    
179    178    157    8    
180    181    136    140    
181    180    137    141    
182    183    62    72    
183    182    63    73    
184    185    166    126    
185    184    167    127    
186    187    86    90    
187    186    87    91    
188    189    142    40    
189    188    143    20    
190    191    11    152    
191    190    36    153    
192    193    110    15    
193    192    111    6    
194    195    144    12    
195    194    145    38    
196    197    158    47    
197    196    159    22    
198    199    100    58    
199    198    101    59    
200    201    66    146    
201    200    67    147    
202    203    31    76    
203    202    46    77    
204    205    84    112    
205    204    85    113    
206    207    23    92    
207    206    42    93    
208    209    148    124    
209    208    149    125    
210    211    23    50    
211    210    26    51    
212    213    52    54    
213    212    53    55    
214    215    4    17    
215    214    34    25    
216    217    6    150    
217    216    35    151    
218    219    56    82    
219    218    57    83    
220    221    38    64    
221    220    19    65    
222    223    154    114    
223    222    155    115    
224    225    21    22    
225    224    27    43    
226    227    60    68    
227    226    61    69    
228    229    74    33    
229    228    75    17    
230    231    45    96    
231    230    23    97    
232    233    104    13    
233    232    105    39    
234    235    160    88    
235    234    161    89    
236    237    10    162    
237    236    37    163    
238    239    120    70    
239    238    121    71    
240    241    118    122    
241    240    119    123    
242    243    164    25    
243    242    165    45    
244    245    26    78    
245    244    13    79    
246    247    39    80    
247    246    18    81    
248    249    98    106    
249    248    99    107    
250    251    116    2    
251    250    117    33    
