0    1    2    4    7    6    8    
1    0    3    5    7    28    
2    0    9    13    12    15    14    26    29    
3    1    6    8    9    10    11    12    13    27    
4    0    5    11    10    
5    1    4    14    15    
6    7    3    0    16    
7    6    0    1    17    
8    9    3    0    18    
9    8    2    3    19    
10    11    3    4    20    
11    10    4    3    21    
12    13    3    2    22    
13    12    2    3    23    
14    15    5    2    24    
15    14    2    5    25    
16    17    6    
17    16    7    
18    19    8    
19    18    9    
20    21    10    
21    20    11    
22    23    12    
23    22    13    
24    25    14    
25    24    15    
26    27    2    
27    26    3    
28    29    1    
29    28    2    
