0    1    2    4    8    106    
1    0    3    5    9    107    
2    0    6    10    16    107    
3    1    7    11    17    106    
4    0    12    18    30    121    238    
5    1    13    19    31    120    239    
6    2    14    20    32    119    
7    3    15    21    33    118    
8    0    22    34    56    146    163    
9    1    23    35    57    147    162    
10    2    24    36    58    117    
11    3    25    37    59    116    
12    4    26    38    60    146    163    
13    5    27    39    61    147    162    
14    6    28    40    62    139    
15    7    29    41    63    138    
16    2    42    64    88    132    
17    3    43    65    89    133    
18    4    44    66    168    178    
19    5    45    67    169    179    
20    6    46    68    202    205    214    217    
21    7    47    69    203    204    215    216    
22    8    48    70    90    108    
23    9    49    71    91    109    
24    10    50    72    231    
25    11    51    73    230    
26    12    52    74    227    
27    13    53    75    226    
28    14    54    76    128    134    
29    15    55    77    129    135    
30    4    78    92    123    127    206    218    
31    5    79    93    122    126    207    219    
32    6    80    94    
33    7    81    95    
34    8    82    96    118    120    229    
35    9    83    97    119    121    228    
36    10    109    111    113    115    
37    11    108    110    112    114    
38    12    127    139    145    155    156    166    174    186    
39    13    126    138    144    154    157    167    175    187    
40    14    175    185    194    199    211    
41    15    174    184    195    198    210    
42    16    84    98    199    211    216    222    
43    17    85    99    198    210    217    223    
44    18    187    201    213    218    227    232    
45    19    186    200    212    219    226    233    
46    20    140    150    156    166    
47    21    141    151    157    167    
48    22    86    100    
49    23    87    101    
50    24    234    
51    25    235    
52    26    230    
53    27    231    
54    28    158    170    180    192    225    
55    29    159    171    181    193    224    
56    8    102    104    136    142    
57    9    103    105    137    143    
58    10    63    93    197    209    
59    11    66    69    196    208    
60    12    69    104    124    130    132    
61    13    72    125    131    133    
62    14    75    149    155    165    208    220    236    
63    15    76    72    58    148    154    164    209    221    237    
64    16    168    180    192    206    235    
65    17    169    181    193    207    234    
66    18    73    99    59    190    204    
67    19    73    91    191    205    
68    20    77    73    99    178    190    233    
69    21    76    74    60    59    179    191    232    
70    22    110    112    114    116    
71    23    111    113    115    117    
72    24    63    73    61    
73    25    68    72    66    90    67    
74    26    75    69    93    
75    27    62    74    95    
76    28    77    63    69    92    142    152    
77    29    76    100    94    68    96    143    153    
78    30    92    160    172    184    223    
79    31    93    161    173    185    222    
80    32    94    164    
81    33    95    165    
82    34    122    124    130    136    177    189    201    213    
83    35    123    125    131    137    176    188    200    212    
84    42    98    170    182    194    
85    43    99    171    183    195    
86    48    100    176    188    202    
87    49    101    177    189    203    
88    16    105    140    150    158    
89    17    94    104    105    141    151    159    
90    22    73    97    
91    23    67    
92    30    78    76    97    144    148    
93    31    79    74    58    145    149    
94    32    80    77    89    
95    33    81    98    75    
96    34    77    99    128    134    
97    35    98    90    92    129    135    
98    42    84    95    101    97    220    225    236    
99    43    85    68    66    96    221    224    237    
100    48    86    77    214    228    
101    49    87    98    215    229    
102    56    104    172    182    196    
103    57    105    173    183    197    
104    56    102    89    60    152    160    
105    57    103    88    89    153    161    
106    107    3    0    
107    106    2    1    
108    109    37    22    
109    108    36    23    
110    111    37    70    
111    110    36    71    
112    113    37    70    
113    112    36    71    
114    115    37    70    
115    114    36    71    
116    117    70    11    
117    116    71    10    
118    119    34    7    
119    118    35    6    
120    121    5    34    
121    120    4    35    
122    123    82    31    
123    122    83    30    
124    125    60    82    
125    124    61    83    
126    127    31    39    
127    126    30    38    
128    129    28    96    
129    128    29    97    
130    131    60    82    
131    130    61    83    
132    133    60    16    
133    132    61    17    
134    135    28    96    
135    134    29    97    
136    137    82    56    
137    136    83    57    
138    139    39    15    
139    138    38    14    
140    141    46    88    
141    140    47    89    
142    143    76    56    
143    142    77    57    
144    145    39    92    
145    144    38    93    
146    147    8    12    
147    146    9    13    
148    149    63    92    
149    148    62    93    
150    151    46    88    
151    150    47    89    
152    153    76    104    
153    152    77    105    
154    155    39    63    
155    154    38    62    
156    157    38    46    
157    156    39    47    
158    159    88    54    
159    158    89    55    
160    161    104    78    
161    160    105    79    
162    163    13    9    
163    162    12    8    
164    165    80    63    
165    164    81    62    
166    167    38    46    
167    166    39    47    
168    169    18    64    
169    168    19    65    
170    171    54    84    
171    170    55    85    
172    173    102    78    
173    172    103    79    
174    175    41    38    
175    174    40    39    
176    177    83    86    
177    176    82    87    
178    179    68    18    
179    178    69    19    
180    181    64    54    
181    180    65    55    
182    183    84    102    
183    182    85    103    
184    185    78    41    
185    184    79    40    
186    187    38    45    
187    186    39    44    
188    189    83    86    
189    188    82    87    
190    191    68    66    
191    190    69    67    
192    193    64    54    
193    192    65    55    
194    195    40    84    
195    194    41    85    
196    197    59    102    
197    196    58    103    
198    199    43    41    
199    198    42    40    
200    201    45    83    
201    200    44    82    
202    203    86    20    
203    202    87    21    
204    205    21    66    
205    204    20    67    
206    207    64    30    
207    206    65    31    
208    209    62    59    
209    208    63    58    
210    211    43    41    
211    210    42    40    
212    213    45    83    
213    212    44    82    
214    215    100    20    
215    214    101    21    
216    217    21    42    
217    216    20    43    
218    219    44    30    
219    218    45    31    
220    221    98    62    
221    220    99    63    
222    223    79    42    
223    222    78    43    
224    225    99    55    
225    224    98    54    
226    227    45    27    
227    226    44    26    
228    229    100    35    
229    228    101    34    
230    231    25    52    
231    230    24    53    
232    233    69    44    
233    232    68    45    
234    235    50    65    
235    234    51    64    
236    237    98    62    
237    236    99    63    
238    239    4    
239    238    5    
