0    1    2    4    8    26    
1    0    3    5    9    27    
2    0    6    10    16    
3    1    7    11    17    26    29    
4    0    12    18    39    43    44    46    
5    1    13    19    40    42    45    49    
6    2    14    20    41    48    54    
7    3    15    21    38    47    55    
8    0    22    24    31    32    34    
9    1    23    25    33    54    
10    2    29    33    55    
11    3    28    30    32    35    
12    4    35    36    37    38    40    42    47    51    
13    5    37    41    44    46    48    50    53    57    
14    6    45    49    52    57    56    
15    7    34    36    39    43    56    
16    2    21    17    50    
17    3    16    
18    4    25    19    52    
19    5    24    18    
20    6    21    25    
21    7    20    16    24    53    
22    8    24    27    28    30    
23    9    25    31    51    
24    8    22    21    19    
25    9    23    20    18    
26    27    0    3    
27    26    1    22    
28    29    22    11    
29    28    3    10    
30    31    22    11    
31    30    23    8    
32    33    8    11    
33    32    9    10    
34    35    15    8    
35    34    12    11    
36    37    12    15    
37    36    13    12    
38    39    12    7    
39    38    15    4    
40    41    5    12    
41    40    6    13    
42    43    5    12    
43    42    4    15    
44    45    13    4    
45    44    14    5    
46    47    13    4    
47    46    12    7    
48    49    6    13    
49    48    5    14    
50    51    13    16    
51    50    12    23    
52    53    14    18    
53    52    13    21    
54    55    6    9    
55    54    7    10    
56    57    15    14    
57    56    14    13    
