0    1    2    4    8    26    
1    0    3    5    9    27    
2    0    6    10    16    
3    1    7    11    17    
4    0    12    18    35    
5    1    13    19    34    
6    2    14    20    
7    3    15    21    32    35    
8    0    22    24    30    
9    1    23    25    31    
10    2    27    
11    3    26    29    28    30    
12    4    29    32    33    34    
13    5    33    
14    6    
15    7    
16    2    21    17    
17    3    16    
18    4    25    19    
19    5    24    18    
20    6    21    25    
21    7    20    16    24    
22    8    24    28    31    
23    9    25    
24    8    22    21    19    
25    9    23    20    18    
26    27    0    11    
27    26    1    10    
28    29    22    11    
29    28    11    12    
30    31    11    8    
31    30    22    9    
32    33    12    7    
33    32    13    12    
34    35    5    12    
35    34    4    7    
