0    1    2    4    8    16    
1    0    3    5    9    17    
2    0    6    10    
3    1    7    11    
4    0    12    16    
5    1    13    17    
6    2    14    15    
7    3    15    12    
8    0    16    13    
9    1    17    15    
10    2    13    17    18    
11    3    14    12    16    
12    4    15    7    11    
13    5    10    8    
14    6    15    11    19    
15    7    14    6    12    9    
16    0    4    8    11    17    
17    1    5    9    10    16    
18    19    10    
19    18    14    
