0    1    2    4    8    106    
1    0    3    5    9    107    
2    0    6    10    16    
3    1    7    11    17    
4    0    12    18    30    
5    1    13    19    31    
6    2    14    20    32    
7    3    15    21    33    
8    0    22    34    56    
9    1    23    35    57    
10    2    24    36    58    118    
11    3    25    37    59    
12    4    26    38    60    
13    5    27    39    61    
14    6    28    40    62    123    
15    7    29    41    63    
16    2    42    64    88    
17    3    43    65    89    109    108    
18    4    44    66    
19    5    45    67    121    
20    6    46    68    
21    7    47    69    
22    8    48    70    90    
23    9    49    71    91    111    
24    10    50    72    115    
25    11    51    73    
26    12    52    74    
27    13    53    75    121    
28    14    54    76    
29    15    55    77    
30    4    78    92    124    
31    5    79    93    122    
32    6    80    94    
33    7    81    95    
34    8    82    96    110    112    
35    9    83    97    113    
36    10    107    113    
37    11    110    112    
38    12    116    
39    13    115    
40    14    
41    15    
42    16    84    98    
43    17    85    99    
44    18    117    
45    19    
46    20    
47    21    
48    22    86    100    
49    23    87    101    
50    24    
51    25    
52    26    124    
53    27    
54    28    
55    29    
56    8    102    104    
57    9    103    105    
58    10    63    93    
59    11    66    69    
60    12    69    104    
61    13    72    
62    14    75    
63    15    76    72    58    
64    16    111    
65    17    106    
66    18    73    99    59    
67    19    73    91    
68    20    77    73    99    125    
69    21    76    74    60    59    
70    22    108    109    
71    23    119    
72    24    63    73    61    125    
73    25    68    72    66    90    67    123    
74    26    75    69    93    
75    27    62    74    95    
76    28    77    63    69    92    
77    29    76    100    94    68    96    117    
78    30    92    
79    31    93    
80    32    94    114    
81    33    95    116    119    126    
82    34    118    127    
83    35    
84    42    98    
85    43    99    
86    48    100    114    122    
87    49    101    
88    16    105    
89    17    94    104    105    
90    22    73    97    120    
91    23    67    
92    30    78    76    97    
93    31    79    74    58    
94    32    80    77    89    
95    33    81    98    75    
96    34    77    99    
97    35    98    90    92    
98    42    84    95    101    97    
99    43    85    68    66    96    
100    48    86    77    
101    49    87    98    
102    56    104    
103    57    105    120    
104    56    102    89    60    
105    57    103    88    89    
106    107    0    65    
107    106    1    36    
108    109    70    17    
109    108    17    70    
110    111    37    34    
111    110    64    23    
112    113    37    34    
113    112    36    35    
114    115    86    80    
115    114    24    39    
116    117    81    38    
117    116    44    77    
118    119    82    10    
119    118    81    71    
120    121    103    90    
121    120    27    19    
122    123    31    86    
123    122    73    14    
124    125    52    30    
125    124    68    72    
126    127    81    
127    126    82    
