0    1    2    4    8    16    32    48    51    50    
1    0    3    5    9    17    33    49    51    
2    0    6    10    18    34    51    66    
3    1    7    11    19    35    50    51    52    57    67    68    
4    0    12    20    36    44    61    
5    1    13    21    37    45    60    66    69    
6    2    14    22    38    46    53    54    56    59    
7    3    15    23    39    47    
8    0    24    40    48    42    49    
9    1    25    41    49    37    49    53    66    69    
10    2    26    42    47    35    41    
11    3    27    43    36    40    
12    4    28    44    39    47    
13    5    29    45    44    34    39    48    
14    6    30    46    43    15    45    
15    7    31    47    14    46    69    
16    0    52    54    56    57    59    62    63    64    
17    1    57    63    
18    2    55    64    65    67    71    
19    3    52    54    57    61    65    71    
20    4    55    61    60    65    71    73    
21    5    59    60    64    66    70    
22    6    58    60    62    65    
23    7    55    58    
24    8    53    56    59    58    61    64    69    
25    9    70    
26    10    72    
27    11    53    56    71    
28    12    62    68    70    
29    13    
30    14    63    62    70    
31    15    
32    0    48    47    35    44    52    67    
33    1    49    36    40    44    45    
34    2    43    39    35    41    13    
35    3    34    40    10    32    68    
36    4    11    45    41    37    33    48    
37    5    38    44    40    36    9    
38    6    43    39    47    41    37    
39    7    46    42    38    12    34    13    
40    8    41    35    37    11    33    
41    9    38    40    10    34    36    
42    10    39    43    47    45    8    
43    11    14    46    38    42    34    
44    12    4    45    37    13    33    32    
45    13    5    42    14    44    36    33    
46    14    6    39    43    15    
47    15    7    42    38    10    12    32    
48    0    8    32    13    36    49    55    58    
49    1    9    33    8    48    9    
50    51    3    0    
51    50    0    1    2    3    
52    53    3    32    19    16    
53    52    6    9    24    27    
54    55    19    16    6    
55    54    20    23    48    18    
56    57    16    27    24    6    
57    56    17    16    19    3    
58    59    23    22    24    48    
59    58    16    24    21    6    
60    61    5    22    21    20    
61    60    4    20    24    19    
62    63    16    22    28    30    
63    62    30    17    16    
64    65    18    21    16    24    
65    64    19    20    18    22    
66    67    2    21    9    5    
67    66    3    18    32    
68    69    3    28    35    
69    68    5    24    15    9    
70    71    21    25    28    30    
71    70    27    20    18    19    
72    73    26    
73    72    20    
