0    1    2    4    8    456    
1    0    3    5    9    457    
2    0    6    10    16    
3    1    7    11    17    458    461    
4    0    12    18    30    
5    1    13    19    31    465    514    
6    2    14    20    32    465    504    
7    3    15    21    33    
8    0    22    34    56    
9    1    23    35    57    475    486    
10    2    24    36    58    
11    3    25    37    59    
12    4    26    38    60    
13    5    27    39    61    
14    6    28    40    62    
15    7    29    41    63    517    
16    2    42    64    104    
17    3    43    65    105    
18    4    44    66    106    480    
19    5    45    67    107    
20    6    46    68    108    
21    7    47    69    109    489    512    
22    8    48    70    110    459    460    
23    9    49    71    111    
24    10    50    72    112    
25    11    51    73    113    477    482    
26    12    52    74    114    
27    13    53    75    115    483    
28    14    54    76    116    
29    15    55    77    117    
30    4    78    118    192    502    
31    5    79    119    193    
32    6    80    120    194    
33    7    81    121    195    
34    8    82    122    196    
35    9    83    123    197    
36    10    84    124    198    
37    11    85    125    199    
38    12    86    126    200    
39    13    87    127    201    527    
40    14    88    128    202    
41    15    89    129    203    
42    16    90    130    204    463    
43    17    91    131    205    462    
44    18    92    132    206    
45    19    93    133    207    427    
46    20    94    134    208    
47    21    95    135    209    
48    22    96    136    210    514    
49    23    97    137    211    
50    24    98    138    212    
51    25    99    139    213    
52    26    100    140    214    
53    27    101    141    215    
54    28    102    142    216    
55    29    103    143    217    
56    8    144    218    312    
57    9    145    219    313    
58    10    146    220    314    
59    11    147    221    315    
60    12    148    222    316    
61    13    149    223    317    
62    14    150    224    318    
63    15    151    225    319    
64    16    152    226    320    
65    17    153    227    321    426    
66    18    154    228    
67    19    155    229    
68    20    156    230    443    
69    21    157    231    511    
70    22    158    232    322    
71    23    159    233    323    
72    24    160    234    478    485    
73    25    161    235    
74    26    162    236    
75    27    163    237    
76    28    164    238    
77    29    165    239    491    
78    30    166    240    324    446    
79    31    167    241    325    
80    32    168    242    326    
81    33    169    243    327    
82    34    170    244    328    
83    35    171    245    329    527    
84    36    172    246    431    466    
85    37    173    247    
86    38    174    248    475    
87    39    175    249    
88    40    176    250    
89    41    177    251    429    
90    42    178    252    330    
91    43    179    253    331    
92    44    180    254    430    435    
93    45    181    255    
94    46    182    256    
95    47    183    257    
96    48    184    258    332    
97    49    185    259    333    
98    50    186    260    524    
99    51    187    261    433    490    
100    52    188    262    
101    53    189    263    
102    54    190    264    435    448    
103    55    191    265    
104    16    266    334    398    
105    17    267    335    399    439    
106    18    268    336    
107    19    269    337    
108    20    270    338    
109    21    271    339    
110    22    272    340    400    
111    23    273    341    401    
112    24    274    342    493    
113    25    275    343    
114    26    276    344    
115    27    277    345    
116    28    278    346    
117    29    279    347    
118    30    280    348    
119    31    281    349    
120    32    282    350    
121    33    283    351    
122    34    284    352    
123    35    285    353    
124    36    
125    37    
126    38    480    
127    39    
128    40    
129    41    
130    42    286    354    473    
131    43    287    355    
132    44    492    
133    45    
134    46    450    452    471    
135    47    
136    48    288    356    438    
137    49    289    357    
138    50    
139    51    
140    52    
141    53    499    
142    54    
143    55    
144    56    290    358    402    
145    57    291    359    403    494    
146    58    292    360    456    
147    59    293    361    
148    60    294    362    
149    61    295    363    
150    62    296    364    
151    63    297    365    443    516    
152    64    298    366    
153    65    299    367    
154    66    
155    67    
156    68    501    
157    69    
158    70    300    368    427    
159    71    301    369    
160    72    
161    73    
162    74    500    
163    75    
164    76    528    
165    77    501    529    
166    78    302    370    436    
167    79    303    371    
168    80    304    372    448    
169    81    305    373    
170    82    306    374    
171    83    307    375    
172    84    502    
173    85    
174    86    
175    87    
176    88    
177    89    
178    90    308    376    
179    91    309    377    
180    92    436    441    484    524    
181    93    
182    94    451    452    454    499    
183    95    429    
184    96    310    378    
185    97    311    379    
186    98    508    520    
187    99    510    
188    100    438    
189    101    509    
190    102    439    454    521    
191    103    455    511    
192    30    380    404    
193    31    381    405    
194    32    382    406    
195    33    383    407    
196    34    384    408    496    
197    35    385    409    521    
198    36    367    
199    37    352    
200    38    315    
201    39    350    237    
202    40    379    
203    41    214    
204    42    386    410    
205    43    387    411    468    495    
206    44    361    323    
207    45    424    402    
208    46    237    
209    47    250    
210    48    388    412    
211    49    389    413    
212    50    367    405    
213    51    364    509    
214    52    203    
215    53    368    
216    54    365    
217    55    264    404    
218    56    390    414    
219    57    391    415    
220    58    
221    59    492    
222    60    466    
223    61    
224    62    
225    63    461    
226    64    
227    65    474    
228    66    377    315    322    522    
229    67    264    262    
230    68    347    231    353    349    
231    69    264    254    230    314    523    
232    70    503    526    
233    71    
234    72    365    339    
235    73    250    260    
236    74    263    264    500    
237    75    208    406    201    
238    76    379    377    255    
239    77    264    260    250    
240    78    444    471    
241    79    505    
242    80    442    518    
243    81    
244    82    
245    83    503    
246    84    251    351    453    470    
247    85    260    262    
248    86    379    421    
249    87    260    254    
250    88    263    239    419    375    209    371    369    235    333    329    353    493    
251    89    264    262    370    246    451    
252    90    
253    91    
254    92    231    249    351    401    425    432    459    
255    93    238    362    348    
256    94    265    257    433    458    
257    95    256    364    374    332    
258    96    428    430    467    
259    97    
260    98    347    239    407    331    351    355    247    249    235    
261    99    264    262    356    330    453    498    
262    100    251    261    373    247    363    229    317    428    440    525    
263    101    265    250    236    318    
264    102    265    239    217    251    261    319    231    345    413    399    229    236    450    455    
265    103    264    364    346    372    378    256    356    420    342    263    368    410    416    437    
266    104    392    416    
267    105    393    417    
268    106    336    473    
269    107    337    441    
270    108    338    
271    109    339    
272    110    394    418    464    505    515    
273    111    395    419    
274    112    342    445    486    
275    113    343    
276    114    344    
277    115    345    447    
278    116    346    
279    117    347    
280    118    508    
281    119    
282    120    
283    121    
284    122    
285    123    
286    130    
287    131    472    
288    136    490    
289    137    
290    144    396    420    
291    145    397    421    
292    146    360    
293    147    361    
294    148    362    
295    149    363    
296    150    364    468    
297    151    365    469    
298    152    
299    153    
300    158    526    
301    159    
302    166    370    444    487    
303    167    371    
304    168    372    446    
305    169    373    
306    170    478    
307    171    479    
308    178    376    
309    179    377    
310    184    378    432    434    449    491    
311    185    379    525    
312    56    422    424    512    
313    57    423    425    513    
314    58    231    462    497    
315    59    228    200    
316    60    417    
317    61    262    
318    62    263    
319    63    264    489    507    
320    64    321    350    
321    65    414    320    328    
322    70    421    228    
323    71    414    206    325    
324    78    377    
325    79    400    323    
326    80    343    
327    81    354    408    
328    82    367    321    
329    83    250    
330    90    261    
331    91    260    507    
332    96    257    
333    97    250    352    
334    104    
335    105    479    484    
336    106    268    361    506    
337    107    269    372    
338    108    270    377    
339    109    271    366    234    
340    110    476    481    483    482    
341    111    
342    112    274    265    
343    113    275    326    350    424    
344    114    276    365    
345    115    277    264    
346    116    278    265    460    
347    117    279    260    230    412    374    
348    118    255    367    
349    119    230    350    
350    120    377    343    415    201    349    320    
351    121    260    246    254    
352    122    367    333    199    414    
353    123    250    230    
354    130    327    375    
355    131    378    260    
356    136    265    261    442    
357    137    378    366    
358    144    519    520    
359    145    497    518    
360    146    292    373    
361    147    293    418    336    206    
362    148    294    255    
363    149    295    262    
364    150    296    265    257    213    445    470    
365    151    297    216    344    234    
366    152    339    357    415    
367    153    212    352    328    198    402    419    348    
368    158    265    215    426    
369    159    250    376    
370    166    302    251    440    
371    167    303    250    
372    168    304    265    417    337    
373    169    305    376    262    360    409    
374    170    257    347    
375    171    250    354    485    
376    178    308    373    379    369    
377    179    309    238    350    338    228    324    
378    184    310    265    411    355    357    431    434    
379    185    311    238    376    202    248    
380    192    404    506    
381    193    405    
382    194    406    
383    195    407    
384    196    408    469    494    519    
385    197    409    
386    204    410    447    
387    205    411    
388    210    412    472    
389    211    413    449    
390    218    498    
391    219    
392    266    416    463    488    496    
393    267    417    
394    272    418    474    487    
395    273    419    
396    290    420    
397    291    421    
398    104    403    477    510    522    
399    105    264    476    523    
400    110    325    488    513    
401    111    254    515    
402    144    367    207    
403    145    398    504    
404    192    380    217    
405    193    381    212    
406    194    382    237    
407    195    383    260    
408    196    384    327    467    
409    197    385    373    
410    204    386    265    
411    205    387    378    457    517    
412    210    388    347    
413    211    389    264    
414    218    323    321    352    
415    219    350    366    
416    266    392    265    
417    267    393    372    316    437    
418    272    394    361    516    
419    273    395    250    367    
420    290    396    265    
421    291    397    248    322    
422    312    424    
423    313    425    
424    312    422    343    207    481    
425    313    423    254    
426    427    368    65    
427    426    45    158    
428    429    258    262    
429    428    89    183    
430    431    258    92    
431    430    84    378    
432    433    310    254    
433    432    99    256    
434    435    310    378    
435    434    102    92    
436    437    180    166    
437    436    265    417    
438    439    188    136    
439    438    190    105    
440    441    370    262    
441    440    269    180    
442    443    356    242    
443    442    68    151    
444    445    302    240    
445    444    274    364    
446    447    304    78    
447    446    277    386    
448    449    168    102    
449    448    389    310    
450    451    134    264    
451    450    251    182    
452    453    134    182    
453    452    246    261    
454    455    182    190    
455    454    264    191    
456    457    0    146    
457    456    1    411    
458    459    256    3    
459    458    254    22    
460    461    22    346    
461    460    3    225    
462    463    314    43    
463    462    392    42    
464    465    272    
465    464    6    5    
466    467    222    84    
467    466    408    258    
468    469    205    296    
469    468    384    297    
470    471    364    246    
471    470    240    134    
472    473    287    388    
473    472    268    130    
474    475    394    227    
475    474    9    86    
476    477    399    340    
477    476    398    25    
478    479    72    306    
479    478    335    307    
480    481    126    18    
481    480    424    340    
482    483    25    340    
483    482    340    27    
484    485    335    180    
485    484    72    375    
486    487    274    9    
487    486    302    394    
488    489    392    400    
489    488    319    21    
490    491    99    288    
491    490    310    77    
492    493    221    132    
493    492    112    250    
494    495    145    384    
495    494    205    
496    497    392    196    
497    496    314    359    
498    499    390    261    
499    498    141    182    
500    501    236    162    
501    500    156    165    
502    503    172    30    
503    502    245    232    
504    505    6    403    
505    504    272    241    
506    507    336    380    
507    506    319    331    
508    509    280    186    
509    508    213    189    
510    511    398    187    
511    510    69    191    
512    513    312    21    
513    512    313    400    
514    515    48    5    
515    514    401    272    
516    517    151    418    
517    516    411    15    
518    519    359    242    
519    518    358    384    
520    521    186    358    
521    520    190    197    
522    523    228    398    
523    522    231    399    
524    525    98    180    
525    524    311    262    
526    527    300    232    
527    526    83    39    
528    529    164    
529    528    165    
