0    1    2    4    8    16    18    24    25    
1    0    3    5    9    17    19    
2    0    6    10    24    29    
3    1    7    11    25    24    28    29    
4    0    12    16    22    27    
5    1    13    17    23    22    27    26    29    
6    2    14    15    20    21    28    
7    3    15    12    
8    0    16    13    19    20    22    26    
9    1    17    15    21    
10    2    13    17    18    
11    3    14    12    16    19    
12    4    15    7    11    27    
13    5    10    8    
14    6    15    11    
15    7    14    6    12    9    18    23    
16    0    4    8    11    17    21    20    23    26    
17    1    5    9    10    16    
18    19    0    10    15    
19    18    1    11    8    
20    21    8    6    16    
21    20    9    16    6    
22    23    8    4    5    
23    22    15    5    16    
24    25    2    0    3    
25    24    3    0    
26    27    16    8    5    
27    26    5    12    4    
28    29    3    6    
29    28    2    3    5    
