0    1    2    4    8    106    
1    0    3    5    9    107    
2    0    6    10    16    
3    1    7    11    17    106    109    
4    0    12    18    30    119    160    
5    1    13    19    31    122    183    
6    2    14    20    32    121    168    
7    3    15    21    33    120    169    
8    0    22    34    56    115    122    
9    1    23    35    57    162    
10    2    24    36    58    117    182    
11    3    25    37    59    116    183    
12    4    26    38    60    124    163    
13    5    27    39    61    125    162    
14    6    28    40    62    
15    7    29    41    63    164    
16    2    42    64    88    166    
17    3    43    65    89    167    
18    4    44    66    194    
19    5    45    67    195    
20    6    46    68    172    
21    7    47    69    173    
22    8    48    70    90    107    108    
23    9    49    71    91    
24    10    50    72    154    195    
25    11    51    73    139    194    
26    12    52    74    144    189    192    
27    13    53    75    172    188    193    
28    14    54    76    156    173    
29    15    55    77    145    157    
30    4    78    92    133    146    
31    5    79    93    126    132    147    
32    6    80    94    127    179    
33    7    81    95    178    
34    8    82    96    114    138    
35    9    83    97    115    155    
36    10    111    113    187    
37    11    108    110    112    121    
38    12    130    134    139    147    185    
39    13    131    135    138    146    
40    14    187    
41    15    184    186    
42    16    84    98    
43    17    85    99    141    164    
44    18    169    
45    19    150    168    190    
46    20    134    142    151    191    
47    21    135    143    
48    22    86    100    175    
49    23    87    101    148    174    
50    24    128    136    
51    25    159    177    
52    26    124    128    156    180    189    
53    27    157    181    
54    28    196    
55    29    125    129    188    197    
56    8    102    104    109    120    176    
57    9    103    105    177    186    
58    10    63    93    163    
59    11    66    69    114    123    
60    12    69    104    149    154    165    
61    13    72    155    
62    14    75    141    160    167    180    
63    15    76    72    58    140    148    161    166    181    
64    16    
65    17    153    171    
66    18    73    99    59    
67    19    73    91    
68    20    77    73    99    152    
69    21    76    74    60    59    153    
70    22    110    112    
71    23    111    113    
72    24    63    73    61    142    
73    25    68    72    66    90    67    145    
74    26    75    69    93    136    
75    27    62    74    95    
76    28    77    63    69    92    174    
77    29    76    100    94    68    96    137    175    
78    30    92    
79    31    93    
80    32    94    123    182    
81    33    95    118    161    
82    34    116    118    158    176    
83    35    117    119    129    137    
84    42    98    158    178    
85    43    99    159    179    
86    48    100    152    170    
87    49    101    171    
88    16    105    149    192    197    
89    17    94    104    105    193    
90    22    73    97    132    140    150    165    
91    23    67    133    151    
92    30    78    76    97    
93    31    79    74    58    131    
94    32    80    77    89    130    
95    33    81    98    75    
96    34    77    99    126    144    
97    35    98    90    92    127    143    
98    42    84    95    101    97    185    
99    43    85    68    66    96    184    
100    48    86    77    190    
101    49    87    98    191    196    
102    56    104    
103    57    105    
104    56    102    89    60    198    
105    57    103    88    89    199    
106    107    3    0    
107    106    22    1    
108    109    37    22    
109    108    56    3    
110    111    37    70    
111    110    36    71    
112    113    70    37    
113    112    71    36    
114    115    34    59    
115    114    35    8    
116    117    82    11    
117    116    83    10    
118    119    82    81    
119    118    83    4    
120    121    56    7    
121    120    37    6    
122    123    5    8    
123    122    80    59    
124    125    12    52    
125    124    13    55    
126    127    96    31    
127    126    97    32    
128    129    50    52    
129    128    83    55    
130    131    38    94    
131    130    39    93    
132    133    31    90    
133    132    30    91    
134    135    38    46    
135    134    39    47    
136    137    50    74    
137    136    83    77    
138    139    34    39    
139    138    25    38    
140    141    63    90    
141    140    62    43    
142    143    46    72    
143    142    47    97    
144    145    26    96    
145    144    29    73    
146    147    30    39    
147    146    31    38    
148    149    49    63    
149    148    88    60    
150    151    90    45    
151    150    91    46    
152    153    86    68    
153    152    65    69    
154    155    60    24    
155    154    61    35    
156    157    28    52    
157    156    29    53    
158    159    82    84    
159    158    51    85    
160    161    4    62    
161    160    81    63    
162    163    13    9    
163    162    12    58    
164    165    15    43    
165    164    60    90    
166    167    63    16    
167    166    62    17    
168    169    6    45    
169    168    7    44    
170    171    86    
171    170    87    65    
172    173    20    27    
173    172    21    28    
174    175    49    76    
175    174    48    77    
176    177    82    56    
177    176    51    57    
178    179    33    84    
179    178    32    85    
180    181    52    62    
181    180    53    63    
182    183    10    80    
183    182    11    5    
184    185    99    41    
185    184    98    38    
186    187    41    57    
187    186    40    36    
188    189    27    55    
189    188    26    52    
190    191    45    100    
191    190    46    101    
192    193    88    26    
193    192    89    27    
194    195    18    25    
195    194    19    24    
196    197    101    54    
197    196    88    55    
198    199    104    
199    198    105    
