0    1    2    4    7    6    
1    0    3    5    7    
2    0    9    10    11    13    12    22    25    
3    1    6    8    11    10    13    24    27    
4    0    5    9    8    12    
5    1    4    23    26    
6    7    3    0    14    
7    6    0    1    15    
8    9    3    4    16    
9    8    4    2    17    
10    11    2    3    20    
11    10    3    2    21    
12    13    4    2    18    
13    12    2    3    19    
14    15    6    
15    14    7    
16    17    8    
17    16    9    
18    19    12    
19    18    13    
20    21    10    
21    20    11    
22    23    2    
23    22    5    
24    25    3    
25    24    2    
26    27    5    
27    26    3    
