0    1    2    4    8    106    
1    0    3    5    9    107    
2    0    6    10    16    
3    1    7    11    17    106    109    
4    0    12    18    30    
5    1    13    19    31    
6    2    14    20    32    
7    3    15    21    33    
8    0    22    34    56    132    
9    1    23    35    57    110    113    
10    2    24    36    58    118    121    
11    3    25    37    59    
12    4    26    38    60    113    116    
13    5    27    39    61    
14    6    28    40    62    114    
15    7    29    41    63    
16    2    42    64    88    124    
17    3    43    65    89    
18    4    44    66    129    130    
19    5    45    67    120    
20    6    46    68    
21    7    47    69    
22    8    48    70    90    107    108    
23    9    49    71    91    
24    10    50    72    
25    11    51    73    127    
26    12    52    74    
27    13    53    75    
28    14    54    76    122    129    130    
29    15    55    77    
30    4    78    92    
31    5    79    93    115    
32    6    80    94    
33    7    81    95    
34    8    82    96    
35    9    83    97    
36    10    111    119    124    
37    11    108    110    133    
38    12    125    
39    13    
40    14    
41    15    
42    16    84    98    
43    17    85    99    
44    18    
45    19    123    
46    20    
47    21    
48    22    86    100    125    
49    23    87    101    
50    24    
51    25    
52    26    
53    27    
54    28    
55    29    
56    8    102    104    109    132    
57    9    103    105    118    
58    10    63    93    
59    11    66    69    
60    12    69    104    
61    13    72    
62    14    75    
63    15    76    72    58    
64    16    
65    17    131    
66    18    73    99    59    
67    19    73    91    
68    20    77    73    99    
69    21    76    74    60    59    
70    22    111    112    119    120    
71    23    115    133    
72    24    63    73    61    
73    25    68    72    66    90    67    
74    26    75    69    93    
75    27    62    74    95    
76    28    77    63    69    92    
77    29    76    100    94    68    96    
78    30    92    
79    31    93    
80    32    94    
81    33    95    
82    34    116    127    
83    35    117    126    
84    42    98    
85    43    99    
86    48    100    123    126    128    
87    49    101    
88    16    105    121    
89    17    94    104    105    
90    22    73    97    112    117    
91    23    67    
92    30    78    76    97    
93    31    79    74    58    
94    32    80    77    89    
95    33    81    98    75    
96    34    77    99    122    
97    35    98    90    92    
98    42    84    95    101    97    
99    43    85    68    66    96    
100    48    86    77    128    131    
101    49    87    98    
102    56    104    
103    57    105    114    
104    56    102    89    60    
105    57    103    88    89    
106    107    3    0    
107    106    22    1    
108    109    37    22    
109    108    56    3    
110    111    9    37    
111    110    70    36    
112    113    90    70    
113    112    12    9    
114    115    14    103    
115    114    71    31    
116    117    82    12    
117    116    83    90    
118    119    10    57    
119    118    70    36    
120    121    70    19    
121    120    10    88    
122    123    28    96    
123    122    86    45    
124    125    16    36    
125    124    48    38    
126    127    83    86    
127    126    82    25    
128    129    86    100    
129    128    28    18    
130    131    18    28    
131    130    100    65    
132    133    56    8    
133    132    37    71    
