0    1    2    4    8    16    18    
1    0    3    5    9    17    19    
2    0    6    10    19    21    40    60    
3    1    7    11    18    20    41    61    
4    0    12    16    23    25    24    27    26    30    32    
5    1    13    17    22    24    25    26    27    31    33    
6    2    14    15    37    36    53    54    
7    3    15    12    36    37    52    55    
8    0    16    13    20    22    29    31    39    59    
9    1    17    15    21    23    28    30    38    58    
10    2    13    17    28    32    35    40    44    47    
11    3    14    12    16    29    33    34    41    45    46    
12    4    15    7    11    24    26    28    39    57    
13    5    10    8    25    27    29    38    56    
14    6    15    11    37    38    51    62    
15    7    14    6    12    9    36    39    50    63    
16    0    4    8    11    17    30    32    
17    1    5    9    10    16    31    33    
18    19    0    3    34    42    
19    18    1    2    35    43    
20    21    3    8    40    60    
21    20    2    9    41    61    
22    23    5    8    34    48    
23    22    4    9    35    49    
24    25    12    5    4    48    
25    24    13    4    5    49    
26    27    12    5    4    58    
27    26    13    4    5    59    
28    29    9    10    12    50    
29    28    8    11    13    51    
30    31    16    4    9    44    
31    30    17    5    8    45    
32    33    16    10    4    54    
33    32    17    11    5    55    
34    35    18    11    22    42    
35    34    19    10    23    43    
36    37    15    7    6    52    
37    36    14    6    7    53    
38    39    14    13    9    56    
39    38    15    12    8    57    
40    41    2    10    20    46    
41    40    3    11    21    47    
42    43    34    18    
43    42    35    19    
44    45    30    10    
45    44    31    11    
46    47    40    11    
47    46    41    10    
48    49    22    24    
49    48    23    25    
50    51    15    28    
51    50    14    29    
52    53    7    36    
53    52    6    37    
54    55    6    32    
55    54    7    33    
56    57    38    13    
57    56    39    12    
58    59    26    9    
59    58    27    8    
60    61    20    2    
61    60    21    3    
62    63    14    
63    62    15    
