0    1    2    4    8    106    
1    0    3    5    9    107    
2    0    6    10    16    
3    1    7    11    17    197    196    
4    0    12    18    30    210    251    
5    1    13    19    31    155    210    
6    2    14    20    32    248    
7    3    15    21    33    153    
8    0    22    34    56    
9    1    23    35    57    143    
10    2    24    36    58    118    265    
11    3    25    37    59    229    238    
12    4    26    38    60    176    301    
13    5    27    39    61    173    
14    6    28    40    62    123    
15    7    29    41    63    240    
16    2    42    64    88    134    225    
17    3    43    65    89    109    108    
18    4    44    66    154    160    295    
19    5    45    67    121    137    214    252    
20    6    46    68    201    203    214    290    
21    7    47    69    242    284    293    
22    8    48    70    90    
23    9    49    71    91    111    
24    10    50    72    115    177    194    262    
25    11    51    73    139    200    232    299    
26    12    52    74    133    134    205    
27    13    53    75    121    297    
28    14    54    76    142    160    221    299    
29    15    55    77    269    
30    4    78    92    124    159    169    
31    5    79    93    122    269    288    
32    6    80    94    182    207    212    
33    7    81    95    219    223    286    
34    8    82    96    110    112    159    
35    9    83    97    113    158    
36    10    107    113    128    190    218    287    294    
37    11    110    112    129    183    202    206    217    223    
38    12    116    178    231    239    247    273    280    
39    13    115    141    146    168    188    218    259    291    
40    14    251    252    254    261    267    281    
41    15    199    206    235    240    255    278    280    287    
42    16    84    98    175    209    226    302    
43    17    85    99    172    228    
44    18    117    150    164    180    231    277    
45    19    130    132    140    153    163    289    
46    20    156    184    212    245    250    255    301    
47    21    157    235    244    279    286    
48    22    86    100    232    265    
49    23    87    101    142    233    264    
50    24    213    227    237    258    260    
51    25    207    234    236    261    
52    26    124    171    180    187    193    208    227    242    
53    27    144    162    229    273    
54    28    175    188    203    216    247    267    
55    29    189    195    220    266    282    295    
56    8    102    104    174    176    263    303    
57    9    103    105    138    173    233    
58    10    63    93    126    189    193    258    
59    11    66    69    238    275    276    281    
60    12    69    104    130    138    178    187    293    
61    13    72    145    179    245    256    292    
62    14    75    137    167    170    190    243    
63    15    76    72    58    145    204    278    
64    16    111    194    221    222    224    271    
65    17    106    174    191    213    217    225    270    
66    18    73    99    59    157    208    244    257    
67    19    73    91    139    156    186    209    
68    20    77    73    99    125    149    184    186    
69    21    76    74    60    59    
70    22    108    109    228    239    268    
71    23    119    135    143    196    197    224    264    298    
72    24    63    73    61    125    158    181    192    
73    25    68    72    66    90    67    123    163    272    
74    26    75    69    93    149    282    284    297    
75    27    62    74    95    285    296    
76    28    77    63    69    92    133    152    219    290    
77    29    76    100    94    68    96    117    151    272    
78    30    92    148    170    182    275    283    
79    31    93    129    183    248    274    
80    32    94    114    141    150    169    263    288    
81    33    95    116    119    126    179    181    246    
82    34    118    127    146    271    274    
83    35    127    151    161    192    220    262    
84    42    98    164    199    226    253    259    266    
85    43    99    165    198    237    241    
86    48    100    114    122    195    200    291    
87    49    101    201    241    243    298    
88    16    105    131    140    147    162    
89    17    94    104    105    147    165    230    270    
90    22    73    97    120    152    172    253    
91    23    67    161    177    249    300    
92    30    78    76    97    136    148    185    
93    31    79    74    58    279    
94    32    80    77    89    166    283    
95    33    81    98    75    167    246    
96    34    77    99    136    144    215    
97    35    98    90    92    131    155    294    
98    42    84    95    101    97    168    185    300    
99    43    85    68    66    96    268    289    
100    48    86    77    132    135    211    250    
101    49    87    98    154    211    296    
102    56    104    171    204    257    276    
103    57    105    120    128    249    256    277    
104    56    102    89    60    166    191    202    215    
105    57    103    88    89    205    285    292    
106    107    0    65    
107    106    1    36    
108    109    70    17    
109    108    17    70    
110    111    37    34    
111    110    64    23    
112    113    37    34    
113    112    36    35    
114    115    86    80    
115    114    24    39    
116    117    81    38    
117    116    44    77    
118    119    82    10    
119    118    81    71    
120    121    103    90    
121    120    27    19    
122    123    31    86    
123    122    73    14    
124    125    52    30    
125    124    68    72    
126    127    81    58    
127    126    82    83    
128    129    103    36    
129    128    79    37    
130    131    60    45    
131    130    97    88    
132    133    45    100    
133    132    76    26    
134    135    26    16    
135    134    100    71    
136    137    96    92    
137    136    19    62    
138    139    60    57    
139    138    67    25    
140    141    45    88    
141    140    80    39    
142    143    28    49    
143    142    71    9    
144    145    96    53    
145    144    61    63    
146    147    82    39    
147    146    89    88    
148    149    92    78    
149    148    68    74    
150    151    44    80    
151    150    77    83    
152    153    76    90    
153    152    45    7    
154    155    18    101    
155    154    97    5    
156    157    67    46    
157    156    66    47    
158    159    72    35    
159    158    30    34    
160    161    18    28    
161    160    91    83    
162    163    88    53    
163    162    45    73    
164    165    44    84    
165    164    89    85    
166    167    94    104    
167    166    95    62    
168    169    39    98    
169    168    80    30    
170    171    62    78    
171    170    52    102    
172    173    43    90    
173    172    57    13    
174    175    65    56    
175    174    54    42    
176    177    56    12    
177    176    24    91    
178    179    60    38    
179    178    61    81    
180    181    52    44    
181    180    72    81    
182    183    78    32    
183    182    79    37    
184    185    46    68    
185    184    98    92    
186    187    68    67    
187    186    52    60    
188    189    54    39    
189    188    55    58    
190    191    62    36    
191    190    104    65    
192    193    83    72    
193    192    58    52    
194    195    24    64    
195    194    86    55    
196    197    71    3    
197    196    3    71    
198    199    85    
199    198    41    84    
200    201    86    25    
201    200    20    87    
202    203    37    104    
203    202    54    20    
204    205    102    63    
205    204    26    105    
206    207    37    41    
207    206    32    51    
208    209    52    66    
209    208    42    67    
210    211    4    5    
211    210    100    101    
212    213    32    46    
213    212    65    50    
214    215    20    19    
215    214    104    96    
216    217    54    
217    216    37    65    
218    219    39    36    
219    218    76    33    
220    221    83    55    
221    220    28    64    
222    223    64    
223    222    33    37    
224    225    64    71    
225    224    65    16    
226    227    84    42    
227    226    50    52    
228    229    43    70    
229    228    53    11    
230    231    89    
231    230    44    38    
232    233    48    25    
233    232    49    57    
234    235    51    
235    234    47    41    
236    237    51    
237    236    50    85    
238    239    59    11    
239    238    38    70    
240    241    15    41    
241    240    87    85    
242    243    52    21    
243    242    62    87    
244    245    66    47    
245    244    61    46    
246    247    95    81    
247    246    54    38    
248    249    6    79    
249    248    91    103    
250    251    100    46    
251    250    4    40    
252    253    19    40    
253    252    90    84    
254    255    40    
255    254    41    46    
256    257    61    103    
257    256    66    102    
258    259    58    50    
259    258    39    84    
260    261    50    
261    260    51    40    
262    263    83    24    
263    262    80    56    
264    265    49    71    
265    264    48    10    
266    267    84    55    
267    266    40    54    
268    269    99    70    
269    268    31    29    
270    271    65    89    
271    270    64    82    
272    273    77    73    
273    272    38    53    
274    275    79    82    
275    274    78    59    
276    277    59    102    
277    276    44    103    
278    279    63    41    
279    278    93    47    
280    281    41    38    
281    280    40    59    
282    283    55    74    
283    282    94    78    
284    285    74    21    
285    284    75    105    
286    287    47    33    
287    286    41    36    
288    289    80    31    
289    288    45    99    
290    291    20    76    
291    290    86    39    
292    293    61    105    
293    292    60    21    
294    295    36    97    
295    294    55    18    
296    297    75    101    
297    296    74    27    
298    299    87    71    
299    298    25    28    
300    301    98    91    
301    300    46    12    
302    303    42    
303    302    56    
