0    1    2    4    8    16    32    48    50    84    
1    0    3    5    9    17    33    49    
2    0    6    10    18    34    54    63    66    81    87    
3    1    7    11    19    35    54    56    62    
4    0    12    20    36    44    52    90    101    
5    1    13    21    37    45    58    
6    2    14    22    38    46    50    54    73    90    96    105    
7    3    15    23    39    47    59    67    71    77    105    106    
8    0    24    40    48    42    49    89    97    
9    1    25    41    49    37    49    78    
10    2    26    42    47    35    41    96    
11    3    27    43    36    40    101    
12    4    28    44    39    47    56    57    69    76    97    
13    5    29    45    44    34    39    48    95    
14    6    30    46    43    15    45    75    76    94    103    
15    7    31    47    14    46    61    85    86    97    
16    0    64    71    70    84    100    106    
17    1    57    61    67    69    71    70    75    80    91    94    102    
18    2    52    59    63    66    96    
19    3    51    53    55    60    64    67    72    73    79    80    84    87    
20    4    58    68    78    89    88    
21    5    60    63    64    69    73    91    90    92    99    100    
22    6    56    63    77    82    85    92    95    98    100    102    
23    7    51    53    55    59    65    72    82    88    91    95    102    
24    8    50    60    76    86    
25    9    53    71    81    84    85    92    104    
26    10    57    78    83    89    95    94    100    107    
27    11    61    68    77    80    86    91    98    103    
28    12    54    58    62    64    74    81    85    86    107    
29    13    65    70    72    75    81    83    92    97    98    
30    14    66    72    77    80    83    87    
31    15    51    53    55    57    61    65    67    70    73    75    78    88    98    99    105    
32    0    48    47    35    44    52    74    79    
33    1    49    36    40    44    45    103    
34    2    43    39    35    41    13    87    96    104    
35    3    34    40    10    32    59    68    69    
36    4    11    45    41    37    33    48    83    82    88    99    
37    5    38    44    40    36    9    90    101    
38    6    43    39    47    41    37    58    93    
39    7    46    42    38    12    34    13    74    93    
40    8    41    35    37    11    33    50    82    
41    9    38    40    10    34    36    
42    10    39    43    47    45    8    89    
43    11    14    46    38    42    34    93    104    
44    12    4    45    37    13    33    32    62    68    79    
45    13    5    42    14    44    36    33    101    
46    14    6    39    43    15    55    60    74    103    
47    15    7    42    38    10    12    32    102    
48    0    8    32    13    36    49    52    56    65    
49    1    9    33    8    48    9    99    
50    51    0    24    40    6    
51    50    23    31    19    
52    53    32    18    48    4    
53    52    25    19    23    31    
54    55    3    6    28    2    
55    54    46    31    23    19    
56    57    12    48    3    22    
57    56    17    26    12    31    
58    59    28    5    20    38    
59    58    18    35    23    7    
60    61    21    19    24    46    
61    60    27    15    17    31    
62    63    28    3    44    
63    62    18    2    21    22    
64    65    16    19    21    28    
65    64    29    31    23    48    
66    67    18    30    2    
67    66    31    17    19    7    
68    69    27    35    44    20    
69    68    12    17    21    35    
70    71    31    17    16    29    
71    70    17    16    25    7    
72    73    19    23    29    30    
73    72    31    21    19    6    
74    75    28    32    39    46    
75    74    29    14    31    17    
76    77    14    12    24    
77    76    7    30    22    27    
78    79    20    9    26    31    
79    78    32    19    44    
80    81    30    27    19    17    
81    80    2    25    28    29    
82    83    23    36    22    40    
83    82    36    29    30    26    
84    85    25    0    19    16    
85    84    15    28    22    25    
86    87    27    24    15    28    104    
87    86    19    2    34    30    105    
88    89    31    23    20    36    
89    88    42    20    8    26    
90    91    4    6    37    21    
91    90    21    27    23    17    
92    93    22    21    29    25    
93    92    38    39    43    
94    95    14    26    17    
95    94    26    22    13    23    
96    97    18    34    6    10    
97    96    15    8    29    12    
98    99    31    27    29    22    
99    98    49    36    31    21    
100    101    26    22    16    21    
101    100    37    11    45    4    
102    103    22    47    17    23    
103    102    27    14    33    46    
104    105    25    34    86    43    
105    104    7    6    87    31    
106    107    16    7    
107    106    28    26    
