0    1    2    4    8    26    
1    0    3    5    9    
2    0    6    10    16    
3    1    7    11    17    26    
4    0    12    18    
5    1    13    19    27    
6    2    14    20    
7    3    15    21    
8    0    22    24    28    
9    1    23    25    
10    2    
11    3    
12    4    29    
13    5    27    
14    6    
15    7    29    31    
16    2    21    17    
17    3    16    28    
18    4    25    19    30    
19    5    24    18    
20    6    21    25    
21    7    20    16    24    
22    8    24    30    
23    9    25    31    
24    8    22    21    19    
25    9    23    20    18    
26    27    0    3    
27    26    5    13    
28    29    8    17    
29    28    15    12    
30    31    22    18    
31    30    23    15    
