0    1    2    4    8    16    19    34    
1    0    3    5    9    17    
2    0    6    10    35    50    
3    1    7    11    18    21    24    29    
4    0    12    16    28    41    40    43    
5    1    13    17    20    23    22    25    24    31    42    
6    2    14    15    21    22    23    24    25    27    30    
7    3    15    12    30    40    41    
8    0    16    13    19    20    39    52    
9    1    17    15    26    27    33    32    36    51    
10    2    13    17    27    26    32    33    37    50    
11    3    14    12    16    28    38    53    
12    4    15    7    11    31    32    49    
13    5    10    8    19    21    23    26    30    46    
14    6    15    11    18    20    22    31    47    
15    7    14    6    12    9    18    29    33    48    
16    0    4    8    11    17    25    28    29    
17    1    5    9    10    16    
18    19    3    14    15    46    
19    18    0    13    8    47    
20    21    5    8    14    36    
21    20    6    3    13    37    
22    23    6    5    14    42    
23    22    5    6    13    43    
24    25    3    6    5    44    
25    24    16    5    6    45    
26    27    13    9    10    48    
27    26    6    10    9    49    
28    29    16    11    4    34    
29    28    3    16    15    35    
30    31    7    6    13    44    
31    30    12    5    14    45    
32    33    12    10    9    38    
33    32    15    9    10    39    
34    35    0    28    
35    34    2    29    
36    37    9    20    
37    36    10    21    
38    39    11    32    
39    38    8    33    
40    41    7    4    
41    40    4    7    
42    43    5    22    
43    42    4    23    
44    45    24    30    
45    44    25    31    
46    47    18    13    
47    46    19    14    
48    49    15    26    
49    48    12    27    
50    51    10    2    
51    50    9    
52    53    8    
53    52    11    
