0    1    2    4    7    6    8    
1    0    3    5    7    24    
2    0    9    10    11    13    12    22    25    
3    1    6    9    10    12    13    23    
4    0    5    8    11    
5    1    4    
6    7    3    0    14    
7    6    0    1    15    
8    9    0    4    16    
9    8    3    2    17    
10    11    2    3    18    
11    10    4    2    19    
12    13    3    2    20    
13    12    2    3    21    
14    15    6    
15    14    7    
16    17    8    
17    16    9    
18    19    10    
19    18    11    
20    21    12    
21    20    13    
22    23    2    
23    22    3    
24    25    1    
25    24    2    
