0    1    2    4    8    16    32    48    50    
1    0    3    5    9    17    33    49    51    
2    0    6    10    18    34    51    53    164    248    
3    1    7    11    19    35    50    52    165    249    
4    0    12    20    36    44    61    63    67    69    74    76    78    
5    1    13    21    37    45    60    62    66    68    75    77    79    
6    2    14    22    38    46    58    60    62    64    147    209    
7    3    15    23    39    47    59    61    63    65    146    208    
8    0    24    40    48    42    49    83    89    93    99    152    200    
9    1    25    41    49    37    49    82    88    92    98    153    201    
10    2    26    42    47    35    41    80    84    90    96    137    185    
11    3    27    43    36    40    81    85    91    97    136    184    
12    4    28    44    39    47    80    86    90    94    157    233    
13    5    29    45    44    34    39    48    81    87    91    95    156    232    
14    6    30    46    43    15    45    59    61    63    65    152    242    
15    7    31    47    14    46    58    60    62    64    153    243    
16    0    50    52    54    56    95    99    103    107    111    119    163    247    
17    1    51    53    55    57    94    98    102    106    110    118    162    246    
18    2    53    55    57    59    61    82    84    90    98    100    108    120    
19    3    52    54    56    58    60    83    85    91    99    101    109    121    
20    4    56    58    62    64    66    68    69    70    71    72    73    75    77    79    85    89    
21    5    57    59    63    65    67    69    68    71    70    73    72    74    76    78    84    88    
22    6    64    66    70    72    76    78    81    87    93    97    103    105    115    123    
23    7    65    67    71    73    77    79    80    86    92    96    102    104    114    122    
24    8    80    88    92    94    103    104    107    108    112    113    115    120    127    189    
25    9    81    89    93    95    102    105    106    109    113    112    114    121    126    188    
26    10    85    89    93    99    100    105    104    108    113    116    123    160    240    
27    11    84    88    92    98    101    104    105    109    112    117    122    161    241    
28    12    83    87    95    97    101    102    106    107    110    111    118    123    140    198    
29    13    82    86    94    96    100    103    107    106    111    110    119    122    141    199    
30    14    67    69    71    73    75    77    79    82    86    90    96    100    108    112    120    
31    15    66    68    70    72    74    76    78    83    87    91    97    101    109    113    121    
32    0    48    47    35    44    126    163    168    247    
33    1    49    36    40    44    45    127    162    169    246    
34    2    43    39    35    41    13    137    164    178    187    
35    3    34    40    10    32    136    165    179    186    
36    4    11    45    41    37    33    48    135    146    191    206    
37    5    38    44    40    36    9    134    147    190    207    
38    6    43    39    47    41    37    150    153    216    229    
39    7    46    42    38    12    34    13    151    152    217    228    
40    8    41    35    37    11    33    136    157    182    233    
41    9    38    40    10    34    36    137    156    183    232    
42    10    39    43    47    45    8    131    158    181    236    
43    11    14    46    38    42    34    130    159    180    237    
44    12    4    45    37    13    33    32    125    138    192    249    
45    13    5    42    14    44    36    33    124    139    193    248    
46    14    6    39    43    15    149    156    230    235    
47    15    7    42    38    10    12    32    148    157    231    234    
48    0    8    32    13    36    49    
49    1    9    33    8    48    9    
50    51    3    0    16    114    124    170    
51    50    2    1    17    115    125    171    
52    53    3    16    19    114    126    166    
53    52    2    17    18    115    127    167    
54    55    19    16    110    116    128    204    
55    54    18    17    111    117    129    205    
56    57    19    16    20    116    130    200    
57    56    18    17    21    117    131    201    
58    59    6    15    19    20    142    210    
59    58    7    14    18    21    143    211    
60    61    15    6    19    5    148    174    
61    60    14    7    18    4    149    175    
62    63    20    6    15    5    142    212    
63    62    21    7    14    4    143    213    
64    65    6    20    15    22    142    214    
65    64    7    21    14    23    143    215    
66    67    31    5    20    22    144    216    
67    66    30    4    21    23    145    217    
68    69    5    20    31    21    144    194    
69    68    4    21    30    20    145    195    
70    71    22    31    20    21    144    218    
71    70    23    30    21    20    145    219    
72    73    22    31    20    21    118    150    218    
73    72    23    30    21    20    119    151    219    
74    75    31    4    21    116    146    198    
75    74    30    5    20    117    147    199    
76    77    22    21    4    31    120    150    220    
77    76    23    20    5    30    121    151    221    
78    79    31    22    21    4    148    220    
79    78    30    23    20    5    149    221    
80    81    10    23    24    12    130    212    
81    80    11    22    25    13    131    213    
82    83    30    18    29    9    160    242    
83    82    31    19    28    8    161    243    
84    85    21    27    10    18    158    244    
85    84    20    26    11    19    159    245    
86    87    12    30    29    23    138    222    
87    86    13    31    28    22    139    223    
88    89    9    21    27    24    158    238    
89    88    8    20    26    25    159    239    
90    91    10    12    30    18    138    224    
91    90    11    13    31    19    139    225    
92    93    23    9    24    27    132    176    
93    92    22    8    25    26    133    177    
94    95    17    29    24    12    132    192    
95    94    16    28    25    13    133    193    
96    97    30    10    23    29    154    236    
97    96    31    11    22    28    155    237    
98    99    9    18    17    27    162    176    
99    98    8    19    16    26    163    177    
100    101    30    18    29    26    154    238    
101    100    31    19    28    27    155    239    
102    103    25    17    23    28    140    190    
103    102    24    16    22    29    141    191    
104    105    27    24    23    26    118    160    234    
105    104    26    25    22    27    119    161    235    
106    107    28    17    29    25    140    226    
107    106    29    16    28    24    141    227    
108    109    24    30    18    26    122    154    240    
109    108    25    31    19    27    123    155    241    
110    111    54    28    17    29    128    196    
111    110    55    29    16    28    129    197    
112    113    24    30    25    27    134    226    
113    112    25    31    24    26    135    227    
114    115    23    50    25    52    124    170    
115    114    22    51    24    53    125    171    
116    117    26    54    56    74    128    172    
117    116    27    55    57    75    129    173    
118    119    28    104    17    72    132    196    
119    118    29    105    16    73    133    197    
120    121    24    76    30    18    134    208    
121    120    25    77    31    19    135    209    
122    123    27    23    29    108    164    206    
123    122    26    22    28    109    165    207    
124    125    114    50    45    166    
125    124    115    51    44    167    
126    127    32    25    52    168    
127    126    33    24    53    169    
128    129    110    116    54    172    
129    128    111    117    55    173    
130    131    56    80    43    230    
131    130    57    81    42    231    
132    133    92    94    118    186    
133    132    93    95    119    187    
134    135    37    112    120    180    
135    134    36    113    121    181    
136    137    40    35    11    182    
137    136    41    34    10    183    
138    139    86    90    44    188    
139    138    87    91    45    189    
140    141    102    106    28    194    
141    140    103    107    29    195    
142    143    58    62    64    202    
143    142    59    63    65    203    
144    145    66    68    70    202    
145    144    67    69    71    203    
146    147    36    7    74    204    
147    146    37    6    75    205    
148    149    78    60    47    210    
149    148    79    61    46    211    
150    151    38    72    76    214    
151    150    39    73    77    215    
152    153    8    14    39    184    
153    152    9    15    38    185    
154    155    96    100    108    224    
155    154    97    101    109    225    
156    157    46    41    13    228    
157    156    47    40    12    229    
158    159    84    42    88    174    
159    158    85    43    89    175    
160    161    82    104    26    222    
161    160    83    105    27    223    
162    163    98    17    33    244    
163    162    99    16    32    245    
164    165    2    34    122    178    
165    164    3    35    123    179    
166    167    124    52    
167    166    125    53    
168    169    126    32    
169    168    127    33    
170    171    50    114    
171    170    51    115    
172    173    128    116    
173    172    129    117    
174    175    60    158    
175    174    61    159    
176    177    92    98    
177    176    93    99    
178    179    34    164    
179    178    35    165    
180    181    134    43    
181    180    135    42    
182    183    136    40    
183    182    137    41    
184    185    152    11    
185    184    153    10    
186    187    132    35    
187    186    133    34    
188    189    25    138    
189    188    24    139    
190    191    37    102    
191    190    36    103    
192    193    44    94    
193    192    45    95    
194    195    140    68    
195    194    141    69    
196    197    110    118    
197    196    111    119    
198    199    74    28    
199    198    75    29    
200    201    8    56    
201    200    9    57    
202    203    142    144    
203    202    143    145    
204    205    54    146    
205    204    55    147    
206    207    36    122    
207    206    37    123    
208    209    7    120    
209    208    6    121    
210    211    148    58    
211    210    149    59    
212    213    80    62    
213    212    81    63    
214    215    64    150    
215    214    65    151    
216    217    38    66    
217    216    39    67    
218    219    70    72    
219    218    71    73    
220    221    76    78    
221    220    77    79    
222    223    160    86    
223    222    161    87    
224    225    90    154    
225    224    91    155    
226    227    106    112    
227    226    107    113    
228    229    39    156    
229    228    38    157    
230    231    46    130    
231    230    47    131    
232    233    13    41    
233    232    12    40    
234    235    47    104    
235    234    46    105    
236    237    96    42    
237    236    97    43    
238    239    88    100    
239    238    89    101    
240    241    108    26    
241    240    109    27    
242    243    14    82    
243    242    15    83    
244    245    84    162    
245    244    85    163    
246    247    17    33    
247    246    16    32    
248    249    45    2    
249    248    44    3    
