0    1    2    4    8    26    
1    0    3    5    9    
2    0    6    10    16    
3    1    7    11    17    26    41    
4    0    12    18    38    
5    1    13    19    27    33    
6    2    14    20    
7    3    15    21    38    
8    0    22    24    28    34    37    
9    1    23    25    
10    2    42    
11    3    33    34    
12    4    29    36    39    
13    5    27    35    41    
14    6    40    43    
15    7    29    31    39    
16    2    21    17    42    
17    3    16    28    
18    4    25    19    30    
19    5    24    18    
20    6    21    25    
21    7    20    16    24    37    
22    8    24    30    32    
23    9    25    31    43    
24    8    22    21    19    32    
25    9    23    20    18    40    
26    27    0    3    
27    26    5    13    
28    29    8    17    
29    28    15    12    
30    31    22    18    
31    30    23    15    
32    33    22    24    
33    32    5    11    
34    35    11    8    
35    34    13    
36    37    12    
37    36    8    21    
38    39    4    7    
39    38    15    12    
40    41    14    25    
41    40    13    3    
42    43    16    10    
43    42    14    23    
