0    1    2    4    8    426    
1    0    3    5    9    427    
2    0    6    10    16    427    
3    1    7    11    17    426    
4    0    12    18    30    469    656    
5    1    13    19    31    468    657    
6    2    14    20    32    467    658    
7    3    15    21    33    466    659    
8    0    22    34    56    458    761    
9    1    23    35    57    459    760    
10    2    24    36    58    447    
11    3    25    37    59    446    
12    4    26    38    60    460    761    
13    5    27    39    61    461    760    
14    6    28    40    62    449    
15    7    29    41    63    448    
16    2    42    64    104    431    
17    3    43    65    105    430    
18    4    44    66    106    482    565    
19    5    45    67    107    483    564    
20    6    46    68    108    587    
21    7    47    69    109    586    
22    8    48    70    110    428    
23    9    49    71    111    429    
24    10    50    72    112    693    
25    11    51    73    113    692    
26    12    52    74    114    567    
27    13    53    75    115    566    
28    14    54    76    116    
29    15    55    77    117    
30    4    78    118    192    497    520    
31    5    79    119    193    496    521    
32    6    80    120    194    451    
33    7    81    121    195    450    
34    8    82    122    196    430    
35    9    83    123    197    431    
36    10    84    124    198    
37    11    85    125    199    
38    12    86    126    200    480    569    
39    13    87    127    201    481    568    
40    14    88    128    202    
41    15    89    129    203    
42    16    90    130    204    429    
43    17    91    131    205    428    
44    18    92    132    206    499    520    
45    19    93    133    207    498    521    
46    20    94    134    208    796    
47    21    95    135    209    797    
48    22    96    136    210    721    
49    23    97    137    211    720    
50    24    98    138    212    688    
51    25    99    139    213    689    
52    26    100    140    214    566    
53    27    101    141    215    567    
54    28    102    142    216    665    
55    29    103    143    217    664    
56    8    144    218    312    436    
57    9    145    219    313    437    
58    10    146    220    314    433    
59    11    147    221    315    432    
60    12    148    222    316    470    635    
61    13    149    223    317    471    634    
62    14    150    224    318    530    
63    15    151    225    319    531    
64    16    152    226    320    715    
65    17    153    227    321    714    
66    18    154    228    506    509    508    511    
67    19    155    229    507    508    509    510    
68    20    156    230    779    802    811    
69    21    157    231    778    803    810    
70    22    158    232    322    755    
71    23    159    233    323    754    
72    24    160    234    
73    25    161    235    
74    26    162    236    753    781    
75    27    163    237    752    780    
76    28    164    238    670    696    
77    29    165    239    671    697    
78    30    166    240    324    471    640    
79    31    167    241    325    470    641    
80    32    168    242    326    465    680    
81    33    169    243    327    464    681    
82    34    170    244    328    807    
83    35    171    245    329    806    
84    36    172    246    708    
85    37    173    247    709    
86    38    174    248    616    630    
87    39    175    249    617    631    
88    40    176    250    
89    41    177    251    
90    42    178    252    330    674    
91    43    179    253    331    675    
92    44    180    254    726    752    
93    45    181    255    727    753    
94    46    182    256    
95    47    183    257    
96    48    184    258    332    664    
97    49    185    259    333    665    
98    50    186    260    813    
99    51    187    261    812    
100    52    188    262    817    
101    53    189    263    816    
102    54    190    264    518    522    
103    55    191    265    519    523    
104    16    266    334    398    561    
105    17    267    335    399    560    
106    18    268    336    494    496    523    525    
107    19    269    337    495    497    522    524    
108    20    270    338    605    621    
109    21    271    339    604    620    
110    22    272    340    400    
111    23    273    341    401    
112    24    274    342    
113    25    275    343    
114    26    276    344    749    
115    27    277    345    748    
116    28    278    346    
117    29    279    347    
118    30    280    348    481    483    560    570    
119    31    281    349    480    482    561    571    
120    32    282    350    610    628    
121    33    283    351    611    629    
122    34    284    352    
123    35    285    353    
124    36    
125    37    
126    38    472    474    476    478    577    597    601    615    
127    39    473    475    477    479    576    596    600    614    
128    40    
129    41    
130    42    286    354    648    676    
131    43    287    355    649    677    
132    44    501    503    505    507    510    512    514    516    
133    45    500    502    504    506    511    513    515    517    
134    46    
135    47    
136    48    288    356    774    802    
137    49    289    357    775    803    
138    50    716    816    
139    51    717    817    
140    52    612    628    642    666    
141    53    613    629    643    667    
142    54    771    799    
143    55    770    798    
144    56    290    358    402    456    791    
145    57    291    359    403    457    790    
146    58    292    360    443    445    
147    59    293    361    442    444    
148    60    294    362    640    660    
149    61    295    363    641    661    
150    62    296    364    659    681    758    788    
151    63    297    365    658    680    759    789    
152    64    298    366    622    634    
153    65    299    367    623    635    
154    66    498    500    502    504    513    515    517    519    
155    67    499    501    503    505    512    514    516    518    
156    68    639    651    667    695    
157    69    638    650    666    694    
158    70    300    368    
159    71    301    369    
160    72    725    751    777    811    
161    73    724    750    776    810    
162    74    615    631    655    669    
163    75    614    630    654    668    
164    76    602    616    632    644    
165    77    603    617    633    645    
166    78    302    370    536    546    
167    79    303    371    537    547    
168    80    304    372    604    620    
169    81    305    373    605    621    
170    82    306    374    592    606    
171    83    307    375    593    607    
172    84    
173    85    
174    86    652    662    688    712    
175    87    653    663    689    713    
176    88    674    700    730    758    
177    89    675    701    731    759    
178    90    308    376    685    711    
179    91    309    377    684    710    
180    92    782    814    
181    93    783    815    
182    94    
183    95    
184    96    310    378    
185    97    311    379    
186    98    718    744    772    800    
187    99    719    745    773    801    
188    100    692    720    746    772    
189    101    693    721    747    773    
190    102    532    540    548    556    
191    103    533    541    549    557    
192    30    380    404    493    495    526    528    
193    31    381    405    492    494    527    529    
194    32    382    406    453    455    
195    33    383    407    452    454    
196    34    384    408    432    434    
197    35    385    409    433    435    
198    36    367    
199    37    352    
200    38    315    740    768    796    
201    39    350    237    741    769    797    
202    40    379    
203    41    214    
204    42    386    410    
205    43    387    411    
206    44    361    323    
207    45    424    402    
208    46    237    
209    47    250    
210    48    388    412    534    542    
211    49    389    413    535    543    
212    50    367    405    
213    51    364    
214    52    203    578    590    606    
215    53    368    579    591    607    
216    54    365    691    717    743    
217    55    264    404    690    716    742    
218    56    390    414    676    700    
219    57    391    415    677    701    
220    58    435    437    439    441    
221    59    434    436    438    440    
222    60    462    464    466    468    657    679    703    733    
223    61    463    465    467    469    656    678    702    732    
224    62    562    574    588    608    
225    63    563    575    589    609    
226    64    814    
227    65    815    
228    66    377    315    322    646    668    
229    67    264    262    647    669    
230    68    347    231    353    349    725    751    
231    69    264    254    230    314    724    750    
232    70    787    819    
233    71    786    818    
234    72    365    339    
235    73    250    260    
236    74    263    264    695    727    
237    75    208    406    201    694    726    
238    76    379    377    255    642    670    
239    77    264    260    250    643    671    
240    78    473    475    477    479    584    596    610    626    
241    79    472    474    476    478    585    597    611    627    
242    80    457    459    461    463    706    736    762    792    
243    81    456    458    460    462    707    737    763    793    
244    82    
245    83    
246    84    251    351    
247    85    260    262    
248    86    379    421    618    626    
249    87    260    254    619    627    
250    88    263    239    419    375    209    371    369    235    333    329    353    788    820    
251    89    264    262    370    246    789    821    
252    90    698    730    756    786    
253    91    699    731    757    787    
254    92    231    249    351    401    425    532    538    
255    93    238    362    348    533    539    
256    94    265    257    
257    95    256    364    374    332    
258    96    690    718    744    770    
259    97    691    719    745    771    
260    98    347    239    407    331    351    355    247    249    235    
261    99    264    262    356    330    
262    100    251    261    373    247    363    229    317    800    
263    101    265    250    236    318    801    
264    102    265    239    217    251    261    319    231    345    413    399    229    236    524    528    
265    103    264    364    346    372    378    256    356    420    342    263    368    410    416    525    529    
266    104    392    416    
267    105    393    417    
268    106    336    484    486    488    543    551    559    
269    107    337    485    487    489    542    550    558    
270    108    338    723    747    775    
271    109    339    722    746    774    
272    110    394    418    684    710    
273    111    395    419    685    711    
274    112    342    
275    113    343    
276    114    344    577    587    599    
277    115    345    576    586    598    
278    116    346    
279    117    347    
280    118    485    487    489    491    530    536    546    552    
281    119    484    486    488    490    531    537    547    553    
282    120    686    712    738    766    
283    121    687    713    739    767    
284    122    
285    123    
286    130    
287    131    
288    136    749    777    809    
289    137    748    776    808    
290    144    396    420    
291    145    397    421    
292    146    360    
293    147    361    
294    148    362    682    708    736    
295    149    363    683    709    737    
296    150    364    638    654    678    763    791    
297    151    365    639    655    679    762    790    
298    152    696    728    754    782    
299    153    697    729    755    783    
300    158    
301    159    
302    166    370    572    582    594    
303    167    371    573    583    595    
304    168    372    540    544    568    
305    169    373    541    545    569    
306    170    650    672    698    764    
307    171    651    673    699    765    
308    178    376    795    818    
309    179    377    794    819    
310    184    378    
311    185    379    
312    56    422    424    438    440    
313    57    423    425    439    441    
314    58    231    558    570    580    
315    59    228    200    559    571    581    
316    60    417    764    794    
317    61    262    765    795    
318    62    263    538    548    554    
319    63    264    539    549    555    
320    64    321    350    741    779    813    
321    65    414    320    328    740    778    812    
322    70    421    228    785    
323    71    414    206    325    784    
324    78    377    
325    79    400    323    
326    80    343    
327    81    354    408    
328    82    367    321    
329    83    250    
330    90    261    728    756    780    
331    91    260    729    757    781    
332    96    257    768    798    
333    97    250    352    769    799    
334    104    609    625    637    653    808    
335    105    608    624    636    652    809    
336    106    268    361    490    492    527    535    
337    107    269    372    491    493    526    534    
338    108    270    377    807    
339    109    271    366    234    806    
340    110    792    
341    111    793    
342    112    274    265    804    
343    113    275    326    350    424    805    
344    114    276    365    625    723    
345    115    277    264    624    722    
346    116    278    265    544    552    
347    117    279    260    230    412    374    545    553    
348    118    255    367    
349    119    230    350    
350    120    377    343    415    201    349    320    644    662    
351    121    260    246    254    645    663    
352    122    367    333    199    414    
353    123    250    230    
354    130    327    375    702    
355    131    378    260    703    
356    136    265    261    
357    137    378    366    
358    144    442    444    446    448    
359    145    443    445    447    449    
360    146    292    373    682    706    
361    147    293    418    336    206    683    707    
362    148    294    255    598    612    
363    149    295    262    599    613    
364    150    296    265    257    213    704    705    732    735    
365    151    297    216    344    234    705    704    733    734    
366    152    339    357    415    648    672    805    
367    153    212    352    328    198    402    419    348    649    673    804    
368    158    265    215    
369    159    250    376    
370    166    302    251    554    562    
371    167    303    250    555    563    
372    168    304    265    417    337    580    592    
373    169    305    376    262    360    409    581    593    
374    170    257    347    622    636    
375    171    250    354    623    637    
376    178    308    373    379    369    739    767    
377    179    309    238    350    338    228    324    738    766    
378    184    310    265    411    355    357    
379    185    311    238    376    202    248    
380    192    404    
381    193    405    
382    194    406    
383    195    407    
384    196    408    
385    197    409    
386    204    410    661    687    715    
387    205    411    660    686    714    
388    210    412    564    574    584    
389    211    413    565    575    585    
390    218    578    590    602    618    
391    219    579    591    603    619    
392    266    416    
393    267    417    
394    272    418    742    784    
395    273    419    743    785    
396    290    420    
397    291    421    
398    104    403    573    583    595    
399    105    264    572    582    594    
400    110    325    
401    111    254    
402    144    367    207    450    452    454    
403    145    398    451    453    455    
404    192    380    217    
405    193    381    212    
406    194    382    237    
407    195    383    260    
408    196    384    327    
409    197    385    373    
410    204    386    265    735    
411    205    387    378    734    
412    210    388    347    550    556    
413    211    389    264    551    557    
414    218    323    321    352    632    646    
415    219    350    366    633    647    
416    266    392    265    
417    267    393    372    316    
418    272    394    361    
419    273    395    250    367    
420    290    396    265    
421    291    397    248    322    
422    312    424    
423    313    425    
424    312    422    343    207    588    600    
425    313    423    254    589    601    
426    427    0    3    
427    426    1    2    
428    429    22    43    
429    428    23    42    
430    431    34    17    
431    430    35    16    
432    433    59    196    
433    432    58    197    
434    435    221    196    
435    434    220    197    
436    437    56    221    
437    436    57    220    
438    439    221    312    
439    438    220    313    
440    441    221    312    
441    440    220    313    
442    443    147    358    
443    442    146    359    
444    445    358    147    
445    444    359    146    
446    447    358    11    
447    446    359    10    
448    449    15    358    
449    448    14    359    
450    451    33    402    
451    450    32    403    
452    453    402    195    
453    452    403    194    
454    455    402    195    
455    454    403    194    
456    457    144    243    
457    456    145    242    
458    459    243    8    
459    458    242    9    
460    461    12    243    
461    460    13    242    
462    463    222    243    
463    462    223    242    
464    465    222    81    
465    464    223    80    
466    467    222    7    
467    466    223    6    
468    469    5    222    
469    468    4    223    
470    471    79    60    
471    470    78    61    
472    473    126    241    
473    472    127    240    
474    475    126    241    
475    474    127    240    
476    477    126    241    
477    476    127    240    
478    479    241    126    
479    478    240    127    
480    481    119    38    
481    480    118    39    
482    483    18    119    
483    482    19    118    
484    485    268    281    
485    484    269    280    
486    487    268    281    
487    486    269    280    
488    489    268    281    
489    488    269    280    
490    491    336    281    
491    490    337    280    
492    493    193    336    
493    492    192    337    
494    495    193    106    
495    494    192    107    
496    497    31    106    
497    496    30    107    
498    499    154    45    
499    498    155    44    
500    501    154    133    
501    500    155    132    
502    503    154    133    
503    502    155    132    
504    505    154    133    
505    504    155    132    
506    507    66    133    
507    506    67    132    
508    509    67    66    
509    508    66    67    
510    511    132    67    
511    510    133    66    
512    513    132    155    
513    512    133    154    
514    515    132    155    
515    514    133    154    
516    517    132    155    
517    516    133    154    
518    519    102    155    
519    518    103    154    
520    521    44    30    
521    520    45    31    
522    523    102    107    
523    522    103    106    
524    525    107    264    
525    524    106    265    
526    527    192    337    
527    526    193    336    
528    529    264    192    
529    528    265    193    
530    531    280    62    
531    530    281    63    
532    533    254    190    
533    532    255    191    
534    535    210    337    
535    534    211    336    
536    537    280    166    
537    536    281    167    
538    539    318    254    
539    538    319    255    
540    541    190    304    
541    540    191    305    
542    543    210    269    
543    542    211    268    
544    545    304    346    
545    544    305    347    
546    547    280    166    
547    546    281    167    
548    549    318    190    
549    548    319    191    
550    551    412    269    
551    550    413    268    
552    553    346    280    
553    552    347    281    
554    555    370    318    
555    554    371    319    
556    557    190    412    
557    556    191    413    
558    559    269    314    
559    558    268    315    
560    561    118    105    
561    560    119    104    
562    563    370    224    
563    562    371    225    
564    565    388    19    
565    564    389    18    
566    567    27    52    
567    566    26    53    
568    569    39    304    
569    568    38    305    
570    571    314    118    
571    570    315    119    
572    573    399    302    
573    572    398    303    
574    575    224    388    
575    574    225    389    
576    577    277    127    
577    576    276    126    
578    579    214    390    
579    578    215    391    
580    581    372    314    
581    580    373    315    
582    583    399    302    
583    582    398    303    
584    585    240    388    
585    584    241    389    
586    587    21    277    
587    586    20    276    
588    589    424    224    
589    588    425    225    
590    591    390    214    
591    590    391    215    
592    593    372    170    
593    592    373    171    
594    595    399    302    
595    594    398    303    
596    597    240    127    
597    596    241    126    
598    599    277    362    
599    598    276    363    
600    601    424    127    
601    600    425    126    
602    603    164    390    
603    602    165    391    
604    605    168    109    
605    604    169    108    
606    607    170    214    
607    606    171    215    
608    609    335    224    
609    608    334    225    
610    611    240    120    
611    610    241    121    
612    613    362    140    
613    612    363    141    
614    615    127    163    
615    614    126    162    
616    617    164    86    
617    616    165    87    
618    619    390    248    
619    618    391    249    
620    621    109    168    
621    620    108    169    
622    623    152    374    
623    622    153    375    
624    625    335    345    
625    624    334    344    
626    627    240    248    
627    626    241    249    
628    629    140    120    
629    628    141    121    
630    631    86    163    
631    630    87    162    
632    633    164    414    
633    632    165    415    
634    635    61    152    
635    634    60    153    
636    637    374    335    
637    636    375    334    
638    639    296    157    
639    638    297    156    
640    641    78    148    
641    640    79    149    
642    643    140    238    
643    642    141    239    
644    645    350    164    
645    644    351    165    
646    647    228    414    
647    646    229    415    
648    649    130    366    
649    648    131    367    
650    651    157    306    
651    650    156    307    
652    653    335    174    
653    652    334    175    
654    655    296    163    
655    654    297    162    
656    657    223    4    
657    656    222    5    
658    659    6    151    
659    658    7    150    
660    661    148    387    
661    660    149    386    
662    663    350    174    
663    662    351    175    
664    665    55    96    
665    664    54    97    
666    667    140    157    
667    666    141    156    
668    669    163    228    
669    668    162    229    
670    671    76    238    
671    670    77    239    
672    673    366    306    
673    672    367    307    
674    675    90    176    
675    674    91    177    
676    677    218    130    
677    676    219    131    
678    679    223    296    
679    678    222    297    
680    681    80    151    
681    680    81    150    
682    683    360    294    
683    682    361    295    
684    685    272    179    
685    684    273    178    
686    687    387    282    
687    686    386    283    
688    689    174    50    
689    688    175    51    
690    691    217    258    
691    690    216    259    
692    693    188    25    
693    692    189    24    
694    695    157    237    
695    694    156    236    
696    697    76    298    
697    696    77    299    
698    699    306    252    
699    698    307    253    
700    701    176    218    
701    700    177    219    
702    703    354    223    
703    702    355    222    
704    705    364    365    
705    704    365    364    
706    707    360    242    
707    706    361    243    
708    709    294    84    
709    708    295    85    
710    711    179    272    
711    710    178    273    
712    713    282    174    
713    712    283    175    
714    715    387    65    
715    714    386    64    
716    717    217    138    
717    716    216    139    
718    719    258    186    
719    718    259    187    
720    721    188    49    
721    720    189    48    
722    723    271    345    
723    722    270    344    
724    725    161    231    
725    724    160    230    
726    727    237    92    
727    726    236    93    
728    729    298    330    
729    728    299    331    
730    731    252    176    
731    730    253    177    
732    733    223    364    
733    732    222    365    
734    735    365    411    
735    734    364    410    
736    737    242    294    
737    736    243    295    
738    739    377    282    
739    738    376    283    
740    741    200    321    
741    740    201    320    
742    743    217    394    
743    742    216    395    
744    745    258    186    
745    744    259    187    
746    747    188    271    
747    746    189    270    
748    749    115    289    
749    748    114    288    
750    751    161    231    
751    750    160    230    
752    753    75    92    
753    752    74    93    
754    755    298    71    
755    754    299    70    
756    757    330    252    
757    756    331    253    
758    759    176    150    
759    758    177    151    
760    761    13    9    
761    760    12    8    
762    763    297    242    
763    762    296    243    
764    765    306    316    
765    764    307    317    
766    767    377    282    
767    766    376    283    
768    769    200    332    
769    768    201    333    
770    771    143    258    
771    770    142    259    
772    773    186    188    
773    772    187    189    
774    775    136    271    
775    774    137    270    
776    777    289    161    
777    776    288    160    
778    779    321    69    
779    778    320    68    
780    781    75    330    
781    780    74    331    
782    783    180    298    
783    782    181    299    
784    785    394    323    
785    784    395    322    
786    787    233    252    
787    786    232    253    
788    789    250    150    
789    788    251    151    
790    791    145    297    
791    790    144    296    
792    793    242    340    
793    792    243    341    
794    795    316    309    
795    794    317    308    
796    797    200    46    
797    796    201    47    
798    799    332    143    
799    798    333    142    
800    801    186    262    
801    800    187    263    
802    803    68    136    
803    802    69    137    
804    805    342    367    
805    804    343    366    
806    807    83    339    
807    806    82    338    
808    809    334    289    
809    808    335    288    
810    811    161    69    
811    810    160    68    
812    813    99    321    
813    812    98    320    
814    815    180    226    
815    814    181    227    
816    817    138    101    
817    816    139    100    
818    819    233    308    
819    818    232    309    
820    821    250    
821    820    251    
