0    1    2    4    8    
1    0    3    5    9    
2    0    6    10    16    
3    1    7    11    17    
4    0    12    18    30    
5    1    13    19    31    
6    2    14    20    32    
7    3    15    21    33    113    
8    0    22    34    56    108    
9    1    23    35    57    
10    2    24    36    58    
11    3    25    37    59    
12    4    26    38    60    
13    5    27    39    61    
14    6    28    40    62    119    
15    7    29    41    63    
16    2    42    64    88    
17    3    43    65    89    
18    4    44    66    
19    5    45    67    
20    6    46    68    
21    7    47    69    
22    8    48    70    90    122    
23    9    49    71    91    
24    10    50    72    
25    11    51    73    
26    12    52    74    
27    13    53    75    
28    14    54    76    116    
29    15    55    77    125    
30    4    78    92    
31    5    79    93    
32    6    80    94    112    
33    7    81    95    
34    8    82    96    
35    9    83    97    
36    10    
37    11    
38    12    106    110    120    
39    13    
40    14    127    
41    15    109    115    123    
42    16    84    98    127    
43    17    85    99    
44    18    
45    19    107    111    
46    20    
47    21    
48    22    86    100    114    
49    23    87    101    
50    24    
51    25    
52    26    112    
53    27    
54    28    
55    29    109    
56    8    102    104    
57    9    103    105    121    
58    10    63    93    
59    11    66    69    
60    12    69    104    118    
61    13    72    
62    14    75    
63    15    76    72    58    
64    16    
65    17    
66    18    73    99    59    
67    19    73    91    
68    20    77    73    99    
69    21    76    74    60    59    123    
70    22    110    117    120    
71    23    107    117    
72    24    63    73    61    
73    25    68    72    66    90    67    
74    26    75    69    93    114    115    
75    27    62    74    95    121    
76    28    77    63    69    92    113    124    
77    29    76    100    94    68    96    
78    30    92    108    
79    31    93    
80    32    94    125    
81    33    95    
82    34    116    124    126    
83    35    
84    42    98    
85    43    99    
86    48    100    
87    49    101    119    
88    16    105    122    
89    17    94    104    105    
90    22    73    97    118    
91    23    67    
92    30    78    76    97    
93    31    79    74    58    
94    32    80    77    89    
95    33    81    98    75    
96    34    77    99    106    
97    35    98    90    92    111    
98    42    84    95    101    97    
99    43    85    68    66    96    
100    48    86    77    
101    49    87    98    
102    56    104    
103    57    105    
104    56    102    89    60    
105    57    103    88    89    
106    107    96    38    
107    106    71    45    
108    109    78    8    
109    108    55    41    
110    111    38    70    
111    110    45    97    
112    113    32    52    
113    112    7    76    
114    115    74    48    
115    114    41    74    
116    117    28    82    
117    116    70    71    
118    119    60    90    
119    118    87    14    
120    121    38    70    
121    120    57    75    
122    123    22    88    
123    122    69    41    
124    125    76    82    
125    124    80    29    
126    127    82    
127    126    40    42    
