0    1    2    4    8    16    32    48    51    50    
1    0    3    5    9    17    33    49    51    484    
2    0    6    10    18    34    51    53    154    229    228    380    485    
3    1    7    11    19    35    50    51    52    53    155    381    
4    0    12    20    36    44    63    66    68    87    103    304    
5    1    13    21    37    45    62    66    67    69    89    97    
6    2    14    22    38    46    67    68    72    88    96    439    
7    3    15    23    39    47    69    73    86    102    305    438    
8    0    24    40    48    42    49    111    215    266    268    407    
9    1    25    41    49    37    49    90    91    95    102    110    214    267    
10    2    26    42    47    35    41    91    90    94    103    148    352    409    
11    3    27    43    36    40    149    269    353    406    408    
12    4    28    44    39    47    64    66    85    84    102    111    467    
13    5    29    45    44    34    39    48    65    67    347    464    466    
14    6    30    46    43    15    45    69    73    344    346    465    
15    7    31    47    14    46    68    72    84    85    103    110    345    
16    0    52    55    54    57    56    59    58    61    60    77    93    103    153    
17    1    53    55    57    59    74    75    76    80    81    92    100    101    102    118    121    152    
18    2    55    57    59    61    70    75    74    78    81    80    94    101    100    108    119    120    
19    3    54    55    56    57    58    59    60    61    71    79    95    109    
20    4    60    62    63    64    65    67    69    71    73    75    86    94    110    118    
21    5    61    63    62    65    64    68    70    74    76    80    145    203    323    
22    6    71    75    76    77    78    81    88    104    107    117    143    144    191    202    322    
23    7    64    66    72    74    77    79    87    89    95    105    106    111    116    119    142    190    
24    8    83    84    90    99    98    101    100    107    106    117    116    118    121    165    170    
25    9    91    92    97    100    101    108    115    116    117    122    164    171    221    478    
26    10    93    92    96    104    107    109    114    123    129    150    171    220    366    479    
27    11    82    85    92    93    98    99    105    106    107    119    120    128    151    170    367    
28    12    70    72    76    82    85    86    97    99    104    113    115    114    147    182    209    
29    13    71    73    77    83    88    89    95    96    98    108    109    110    112    119    146    208    
30    14    79    81    82    87    89    88    94    97    99    109    108    111    112    118    146    208    
31    15    78    80    83    84    87    86    96    98    105    113    114    115    147    183    209    
32    0    48    47    35    44    227    234    236    387    
33    1    49    36    40    44    45    152    226    235    377    482    
34    2    43    39    35    41    13    153    374    376    389    483    
35    3    34    40    10    32    237    375    386    388    
36    4    11    45    41    37    33    48    79    83    140    192    298    447    
37    5    38    44    40    36    9    105    115    299    444    446    
38    6    43    39    47    41    37    104    114    314    437    445    
39    7    46    42    38    12    34    13    78    82    141    193    315    436    
40    8    41    35    37    11    33    131    130    173    172    260    471    
41    9    38    40    10    34    36    113    148    217    261    470    472    
42    10    39    43    47    45    8    112    149    216    356    405    473    
43    11    14    46    38    42    34    130    131    172    173    357    404    
44    12    4    45    37    13    33    32    177    178    274    421    463    
45    13    5    42    14    44    36    33    146    149    212    213    275    462    
46    14    6    39    43    15    90    147    148    213    212    340    419    
47    15    7    42    38    10    12    32    91    176    179    341    418    420    
48    0    8    32    13    36    49    53    52    
49    1    9    33    8    48    9    228    229    
50    51    3    0    120    156    382    
51    50    0    1    2    3    121    157    383    
52    53    3    48    16    122    158    384    
53    52    48    3    17    2    123    159    385    
54    55    19    16    122    160    390    
55    54    16    19    18    17    123    161    391    
56    57    19    16    124    162    392    
57    56    16    19    18    17    125    163    393    
58    59    19    16    124    162    394    
59    58    16    19    18    17    125    163    395    
60    61    19    16    20    124    184    396    
61    60    16    19    21    18    125    185    397    
62    63    5    20    21    116    138    196    442    
63    62    4    21    20    117    139    197    443    
64    65    20    23    12    21    132    216    432    
65    64    21    20    13    133    217    433    
66    67    5    4    23    12    112    140    180    440    
67    66    6    5    20    13    113    141    181    441    
68    69    21    4    6    15    142    194    412    
69    68    20    5    7    14    143    195    413    
70    71    28    21    18    134    222    448    
71    70    29    20    19    22    135    223    449    
72    73    23    6    15    28    134    196    416    
73    72    20    7    14    29    135    197    417    
74    75    17    18    23    21    150    188    450    
75    74    18    17    20    22    151    189    451    
76    77    22    21    28    17    136    200    452    
77    76    23    22    29    16    137    201    453    
78    79    18    31    39    22    144    222    422    
79    78    19    30    36    23    145    223    423    
80    81    31    21    17    18    152    180    454    
81    80    30    22    18    17    153    181    455    
82    83    28    39    30    27    138    204    398    
83    82    29    36    31    24    139    205    399    
84    85    24    15    12    31    126    174    410    
85    84    27    12    15    28    127    175    411    
86    87    28    31    20    7    134    184    428    
87    86    31    30    23    4    135    185    429    
88    89    6    22    29    30    142    202    328    
89    88    5    23    30    29    143    203    329    
90    91    46    9    10    24    126    210    350    
91    90    47    10    9    25    127    211    351    
92    93    27    26    25    17    150    166    474    
93    92    26    27    16    151    167    475    
94    95    18    20    30    10    138    206    354    
95    94    19    23    29    9    139    207    355    
96    97    26    31    6    29    144    218    424    
97    96    25    28    5    30    145    219    425    
98    99    31    29    27    24    128    166    430    
99    98    30    28    24    27    129    167    431    
100    101    17    18    25    24    126    194    476    
101    100    18    17    24    25    127    195    477    
102    103    7    12    9    17    132    224    468    
103    102    4    15    10    16    133    225    469    
104    105    38    26    28    22    136    198    324    
105    104    37    27    31    23    137    199    325    
106    107    23    27    24    154    168    402    
107    106    22    26    24    27    155    169    403    
108    109    18    29    25    30    154    226    456    
109    108    19    30    26    29    155    227    457    
110    111    20    29    9    15    140    176    460    
111    110    23    30    8    12    141    177    461    
112    113    66    30    42    29    132    204    358    
113    112    67    31    41    28    133    205    359    
114    115    38    26    31    28    136    200    362    
115    114    37    25    28    31    137    201    363    
116    117    25    62    23    24    128    186    434    
117    116    24    63    22    25    129    187    435    
118    119    17    24    20    30    130    214    336    
119    118    18    27    23    29    131    215    337    
120    121    18    27    50    156    372    
121    120    17    24    51    157    373    
122    123    52    54    25    158    238    
123    122    53    55    26    159    239    
124    125    56    58    60    160    244    
125    124    57    59    61    161    245    
126    127    90    84    100    164    248    
127    126    91    85    101    165    249    
128    129    98    116    27    224    252    
129    128    99    117    26    225    253    
130    131    118    43    40    190    262    
131    130    119    40    43    191    263    
132    133    64    112    102    174    272    
133    132    65    113    103    175    273    
134    135    70    86    72    178    278    
135    134    71    87    73    179    279    
136    137    104    76    114    220    282    
137    136    105    77    115    221    283    
138    139    82    94    62    182    290    
139    138    83    95    63    183    291    
140    141    110    36    66    188    300    
141    140    111    39    67    189    301    
142    143    68    23    88    192    308    
143    142    69    22    89    193    309    
144    145    96    22    78    198    318    
145    144    97    21    79    199    319    
146    147    30    29    45    206    458    
147    146    31    28    46    207    459    
148    149    46    10    41    210    348    
149    148    45    11    42    211    349    
150    151    92    26    74    218    364    
151    150    93    27    75    219    365    
152    153    80    17    33    186    480    
153    152    81    16    34    187    481    
154    155    2    108    106    168    332    
155    154    3    109    107    169    333    
156    157    120    50    230    
157    156    121    51    231    
158    159    122    52    232    
159    158    123    53    233    
160    161    54    124    240    
161    160    55    125    241    
162    163    56    58    242    
163    162    57    59    243    
164    165    25    126    246    
165    164    24    127    247    
166    167    92    98    400    
167    166    93    99    401    
168    169    106    154    254    
169    168    107    155    255    
170    171    24    27    256    
171    170    25    26    257    
172    173    43    40    264    
173    172    40    43    265    
174    175    132    84    270    
175    174    133    85    271    
176    177    110    47    414    
177    176    111    44    415    
178    179    44    134    276    
179    178    47    135    277    
180    181    80    66    426    
181    180    81    67    427    
182    183    138    28    284    
183    182    139    31    285    
184    185    60    86    286    
185    184    61    87    287    
186    187    116    152    288    
187    186    117    153    289    
188    189    140    74    292    
189    188    141    75    293    
190    191    23    130    258    
191    190    22    131    259    
192    193    36    142    302    
193    192    39    143    303    
194    195    100    68    306    
195    194    101    69    307    
196    197    62    72    310    
197    196    63    73    311    
198    199    144    104    312    
199    198    145    105    313    
200    201    114    76    316    
201    200    115    77    317    
202    203    22    88    320    
203    202    21    89    321    
204    205    82    112    326    
205    204    83    113    327    
206    207    94    146    330    
207    206    95    147    331    
208    209    30    29    334    
209    208    31    28    335    
210    211    90    148    338    
211    210    91    149    339    
212    213    45    46    342    
213    212    46    45    343    
214    215    118    9    296    
215    214    119    8    297    
216    217    64    42    294    
217    216    65    41    295    
218    219    150    96    360    
219    218    151    97    361    
220    221    136    26    280    
221    220    137    25    281    
222    223    70    78    368    
223    222    71    79    369    
224    225    128    102    250    
225    224    129    103    251    
226    227    108    33    370    
227    226    109    32    371    
228    229    49    2    378    
229    228    2    49    379    
230    231    156    
231    230    157    
232    233    158    
233    232    159    
234    235    32    
235    234    33    
236    237    32    
237    236    35    
238    239    122    
239    238    123    
240    241    160    
241    240    161    
242    243    162    
243    242    163    
244    245    124    
245    244    125    
246    247    164    
247    246    165    
248    249    126    
249    248    127    
250    251    224    
251    250    225    
252    253    128    
253    252    129    
254    255    168    
255    254    169    
256    257    170    
257    256    171    
258    259    190    
259    258    191    
260    261    40    
261    260    41    
262    263    130    
263    262    131    
264    265    172    
265    264    173    
266    267    8    
267    266    9    
268    269    8    
269    268    11    
270    271    174    
271    270    175    
272    273    132    
273    272    133    
274    275    44    
275    274    45    
276    277    178    
277    276    179    
278    279    134    
279    278    135    
280    281    220    
281    280    221    
282    283    136    
283    282    137    
284    285    182    
285    284    183    
286    287    184    
287    286    185    
288    289    186    
289    288    187    
290    291    138    
291    290    139    
292    293    188    
293    292    189    
294    295    216    
295    294    217    
296    297    214    
297    296    215    
298    299    36    
299    298    37    
300    301    140    
301    300    141    
302    303    192    
303    302    193    
304    305    4    
305    304    7    
306    307    194    
307    306    195    
308    309    142    
309    308    143    
310    311    196    
311    310    197    
312    313    198    
313    312    199    
314    315    38    
315    314    39    
316    317    200    
317    316    201    
318    319    144    
319    318    145    
320    321    202    
321    320    203    
322    323    22    
323    322    21    
324    325    104    
325    324    105    
326    327    204    
327    326    205    
328    329    88    
329    328    89    
330    331    206    
331    330    207    
332    333    154    
333    332    155    
334    335    208    
335    334    209    
336    337    118    
337    336    119    
338    339    210    
339    338    211    
340    341    46    
341    340    47    
342    343    212    
343    342    213    
344    345    14    
345    344    15    
346    347    14    
347    346    13    
348    349    148    
349    348    149    
350    351    90    
351    350    91    
352    353    10    
353    352    11    
354    355    94    
355    354    95    
356    357    42    
357    356    43    
358    359    112    
359    358    113    
360    361    218    
361    360    219    
362    363    114    
363    362    115    
364    365    150    
365    364    151    
366    367    26    
367    366    27    
368    369    222    
369    368    223    
370    371    226    
371    370    227    
372    373    120    
373    372    121    
374    375    34    
375    374    35    
376    377    34    
377    376    33    
378    379    228    
379    378    229    
380    381    2    
381    380    3    
382    383    50    
383    382    51    
384    385    52    
385    384    53    
386    387    35    
387    386    32    
388    389    35    
389    388    34    
390    391    54    
391    390    55    
392    393    56    
393    392    57    
394    395    58    
395    394    59    
396    397    60    
397    396    61    
398    399    82    
399    398    83    
400    401    166    
401    400    167    
402    403    106    
403    402    107    
404    405    43    
405    404    42    
406    407    11    
407    406    8    
408    409    11    
409    408    10    
410    411    84    
411    410    85    
412    413    68    
413    412    69    
414    415    176    
415    414    177    
416    417    72    
417    416    73    
418    419    47    
419    418    46    
420    421    47    
421    420    44    
422    423    78    
423    422    79    
424    425    96    
425    424    97    
426    427    180    
427    426    181    
428    429    86    
429    428    87    
430    431    98    
431    430    99    
432    433    64    
433    432    65    
434    435    116    
435    434    117    
436    437    39    
437    436    38    
438    439    7    
439    438    6    
440    441    66    
441    440    67    
442    443    62    
443    442    63    
444    445    37    
445    444    38    
446    447    37    
447    446    36    
448    449    70    
449    448    71    
450    451    74    
451    450    75    
452    453    76    
453    452    77    
454    455    80    
455    454    81    
456    457    108    
457    456    109    
458    459    146    
459    458    147    
460    461    110    
461    460    111    
462    463    45    
463    462    44    
464    465    13    
465    464    14    
466    467    13    
467    466    12    
468    469    102    
469    468    103    
470    471    41    
471    470    40    
472    473    41    
473    472    42    
474    475    92    
475    474    93    
476    477    100    
477    476    101    
478    479    25    
479    478    26    
480    481    152    
481    480    153    
482    483    33    
483    482    34    
484    485    1    
485    484    2    
