0    1    2    4    8    118    129    
1    0    3    5    9    
2    0    6    10    16    
3    1    7    11    17    123    
4    0    12    18    30    140    159    
5    1    13    19    31    109    113    
6    2    14    20    32    128    
7    3    15    21    33    
8    0    22    34    56    
9    1    23    35    57    
10    2    24    36    58    106    
11    3    25    37    59    
12    4    26    38    60    
13    5    27    39    61    
14    6    28    40    62    111    
15    7    29    41    63    115    
16    2    42    64    88    107    122    
17    3    43    65    89    
18    4    44    66    
19    5    45    67    
20    6    46    68    141    158    
21    7    47    69    112    
22    8    48    70    90    119    128    
23    9    49    71    91    
24    10    50    72    136    
25    11    51    73    114    
26    12    52    74    
27    13    53    75    107    108    119    
28    14    54    76    129    157    
29    15    55    77    
30    4    78    92    126    
31    5    79    93    
32    6    80    94    117    138    
33    7    81    95    126    157    
34    8    82    96    144    
35    9    83    97    
36    10    108    130    160    
37    11    140    146    
38    12    120    132    135    147    162    
39    13    113    124    138    155    160    
40    14    158    163    
41    15    125    132    150    151    
42    16    84    98    
43    17    85    99    
44    18    116    121    139    
45    19    109    112    122    127    139    156    
46    20    127    
47    21    125    133    
48    22    86    100    
49    23    87    101    153    164    
50    24    162    
51    25    124    151    
52    26    134    152    
53    27    114    131    
54    28    159    
55    29    141    147    150    
56    8    102    104    110    153    
57    9    103    105    115    
58    10    63    93    120    
59    11    66    69    
60    12    69    104    148    
61    13    72    
62    14    75    
63    15    76    72    58    145    148    
64    16    
65    17    111    117    
66    18    73    99    59    149    
67    19    73    91    
68    20    77    73    99    
69    21    76    74    60    59    
70    22    
71    23    
72    24    63    73    61    
73    25    68    72    66    90    67    
74    26    75    69    93    134    154    
75    27    62    74    95    
76    28    77    63    69    92    
77    29    76    100    94    68    96    152    
78    30    92    
79    31    93    106    
80    32    94    156    
81    33    95    
82    34    133    146    163    
83    35    154    161    
84    42    98    110    
85    43    99    143    
86    48    100    
87    49    101    
88    16    105    121    131    
89    17    94    104    105    
90    22    73    97    137    142    145    
91    23    67    
92    30    78    76    97    
93    31    79    74    58    
94    32    80    77    89    
95    33    81    98    75    123    
96    34    77    99    136    143    144    149    
97    35    98    90    92    137    
98    42    84    95    101    97    116    
99    43    85    68    66    96    
100    48    86    77    
101    49    87    98    
102    56    104    135    155    
103    57    105    118    161    165    
104    56    102    89    60    
105    57    103    88    89    130    
106    107    10    79    
107    106    16    27    
108    109    36    27    
109    108    45    5    
110    111    56    84    
111    110    14    65    
112    113    21    45    
113    112    5    39    
114    115    25    53    
115    114    15    57    
116    117    44    98    
117    116    32    65    
118    119    0    103    
119    118    22    27    
120    121    58    38    
121    120    88    44    
122    123    45    16    
123    122    95    3    
124    125    39    51    
125    124    47    41    
126    127    30    33    
127    126    46    45    
128    129    6    22    
129    128    28    0    
130    131    105    36    
131    130    53    88    
132    133    41    38    
133    132    47    82    
134    135    52    74    
135    134    38    102    
136    137    24    96    
137    136    97    90    
138    139    32    39    
139    138    44    45    
140    141    37    4    
141    140    55    20    
142    143    90    
143    142    96    85    
144    145    34    96    
145    144    63    90    
146    147    82    37    
147    146    38    55    
148    149    63    60    
149    148    66    96    
150    151    41    55    
151    150    51    41    
152    153    52    77    
153    152    56    49    
154    155    74    83    
155    154    102    39    
156    157    80    45    
157    156    28    33    
158    159    20    40    
159    158    4    54    
160    161    39    36    
161    160    83    103    
162    163    50    38    
163    162    40    82    
164    165    49    
165    164    103    
