0    1    2    4    8    16    18    22    
1    0    3    5    9    17    25    
2    0    6    10    21    22    28    
3    1    7    11    18    20    23    27    
4    0    12    16    
5    1    13    17    19    23    24    
6    2    14    15    20    25    26    
7    3    15    12    26    
8    0    16    13    18    27    
9    1    17    15    
10    2    13    17    21    22    
11    3    14    12    16    21    27    
12    4    15    7    11    24    
13    5    10    8    19    
14    6    15    11    23    25    
15    7    14    6    12    9    19    24    29    
16    0    4    8    11    17    
17    1    5    9    10    16    
18    19    3    0    8    
19    18    13    5    15    
20    21    6    3    
21    20    11    10    2    
22    23    2    10    0    
23    22    14    3    5    
24    25    12    15    5    
25    24    6    1    14    
26    27    7    6    
27    26    8    11    3    
28    29    2    
29    28    15    
