0    1    2    4    8    107    150    
1    0    3    5    9    
2    0    6    10    16    151    
3    1    7    11    17    115    
4    0    12    18    30    149    182    
5    1    13    19    31    148    
6    2    14    20    32    196    
7    3    15    21    33    197    
8    0    22    34    56    123    164    
9    1    23    35    57    125    
10    2    24    36    58    203    
11    3    25    37    59    191    
12    4    26    38    60    135    190    
13    5    27    39    61    
14    6    28    40    62    
15    7    29    41    63    122    155    
16    2    42    64    88    129    
17    3    43    65    89    
18    4    44    66    158    174    
19    5    45    67    
20    6    46    68    119    
21    7    47    69    175    195    
22    8    48    70    90    114    
23    9    49    71    91    
24    10    50    72    140    158    
25    11    51    73    143    161    
26    12    52    74    
27    13    53    75    118    119    121    130    
28    14    54    76    118    131    143    
29    15    55    77    159    
30    4    78    92    110    
31    5    79    93    172    
32    6    80    94    170    173    199    
33    7    81    95    146    
34    8    82    96    142    
35    9    83    97    159    
36    10    180    202    
37    11    108    112    120    122    133    
38    12    176    185    191    193    
39    13    
40    14    200    
41    15    164    177    184    190    
42    16    84    98    
43    17    85    99    106    113    117    
44    18    147    
45    19    196    198    199    
46    20    197    198    
47    21    111    
48    22    86    100    
49    23    87    101    128    205    
50    24    108    110    114    205    
51    25    188    189    
52    26    156    174    193    194    
53    27    144    145    162    163    178    181    200    201    
54    28    132    144    163    162    179    180    201    
55    29    157    175    192    195    
56    8    102    104    113    121    132    188    
57    9    103    105    
58    10    63    93    124    140    160    
59    11    66    69    134    148    165    167    185    
60    12    69    104    124    136    151    154    165    169    
61    13    72    
62    14    75    
63    15    76    72    58    125    134    137    150    168    
64    16    146    166    182    207    206    
65    17    106    187    
66    18    73    99    59    194    
67    19    73    91    
68    20    77    73    99    
69    21    76    74    60    59    
70    22    107    138    154    172    
71    23    209    
72    24    63    73    61    116    128    
73    25    68    72    66    90    67    168    
74    26    75    69    93    
75    27    62    74    95    131    133    142    
76    28    77    63    69    92    120    130    145    
77    29    76    100    94    68    96    
78    30    92    
79    31    93    137    153    
80    32    94    136    152    
81    33    95    183    
82    34    109    
83    35    109    111    115    117    204    
84    42    98    208    
85    43    99    155    173    
86    48    100    186    
87    49    101    167    178    183    206    207    
88    16    105    126    139    157    179    204    
89    17    94    104    105    
90    22    73    97    112    116    126    177    187    
91    23    67    
92    30    78    76    97    
93    31    79    74    58    171    
94    32    80    77    89    152    170    
95    33    81    98    75    
96    34    77    99    160    169    189    
97    35    98    90    92    129    141    
98    42    84    95    101    97    
99    43    85    68    66    96    127    139    176    186    
100    48    86    77    
101    49    87    98    127    138    147    156    
102    56    104    149    166    184    
103    57    105    141    161    181    202    
104    56    102    89    60    123    135    
105    57    103    88    89    203    
106    107    43    65    
107    106    0    70    
108    109    50    37    
109    108    83    82    
110    111    50    30    
111    110    83    47    
112    113    37    90    
113    112    56    43    
114    115    50    22    
115    114    83    3    
116    117    90    72    
117    116    43    83    
118    119    27    28    
119    118    20    27    
120    121    76    37    
121    120    27    56    
122    123    37    15    
123    122    104    8    
124    125    58    60    
125    124    9    63    
126    127    88    90    
127    126    101    99    
128    129    49    72    
129    128    16    97    
130    131    27    76    
131    130    28    75    
132    133    54    56    
133    132    75    37    
134    135    59    63    
135    134    104    12    
136    137    80    60    
137    136    79    63    
138    139    70    101    
139    138    99    88    
140    141    58    24    
141    140    103    97    
142    143    34    75    
143    142    25    28    
144    145    53    54    
145    144    76    53    
146    147    33    64    
147    146    44    101    
148    149    59    5    
149    148    102    4    
150    151    0    63    
151    150    2    60    
152    153    80    94    
153    152    79    
154    155    60    70    
155    154    15    85    
156    157    101    52    
157    156    88    55    
158    159    24    18    
159    158    35    29    
160    161    96    58    
161    160    25    103    
162    163    53    54    
163    162    54    53    
164    165    41    8    
165    164    60    59    
166    167    102    64    
167    166    59    87    
168    169    63    73    
169    168    60    96    
170    171    94    32    
171    170    93    
172    173    31    70    
173    172    32    85    
174    175    52    18    
175    174    55    21    
176    177    38    99    
177    176    41    90    
178    179    87    53    
179    178    88    54    
180    181    54    36    
181    180    53    103    
182    183    4    64    
183    182    81    87    
184    185    102    41    
185    184    59    38    
186    187    99    86    
187    186    90    65    
188    189    51    56    
189    188    96    51    
190    191    12    41    
191    190    11    38    
192    193    55    
193    192    38    52    
194    195    52    66    
195    194    55    21    
196    197    45    6    
197    196    46    7    
198    199    45    46    
199    198    32    45    
200    201    53    40    
201    200    54    53    
202    203    103    36    
203    202    10    105    
204    205    83    88    
205    204    50    49    
206    207    87    64    
207    206    64    87    
208    209    84    
209    208    71    
