0    1    2    4    6    8    29    
1    0    3    5    7    9    28    
2    0    7    9    11    10    13    12    24    
3    1    6    8    10    11    12    13    25    
4    0    5    18    27    
5    1    4    19    26    
6    7    3    0    14    
7    6    2    1    15    
8    9    3    0    16    
9    8    2    1    17    
10    11    3    2    20    
11    10    2    3    21    
12    13    3    2    22    
13    12    2    3    23    
14    15    6    
15    14    7    
16    17    8    
17    16    9    
18    19    4    
19    18    5    
20    21    10    
21    20    11    
22    23    12    
23    22    13    
24    25    2    
25    24    3    
26    27    5    
27    26    4    
28    29    1    
29    28    0    
