0    1    2    4    8    16    32    48    50    81    
1    0    3    5    9    17    33    49    51    
2    0    6    10    18    34    166    250    339    416    465    
3    1    7    11    19    35    51    53    55    59    80    88    108    118    
4    0    12    20    36    44    94    214    291    338    443    
5    1    13    21    37    45    54    55    58    61    64    70    97    101    
6    2    14    22    38    46    50    52    93    111    119    193    216    342    
7    3    15    23    39    47    115    127    462    464    487    
8    0    24    40    48    42    49    77    111    179    288    290    435    
9    1    25    41    49    37    49    54    57    61    60    99    107    488    
10    2    26    42    47    35    41    67    73    79    96    100    103    160    236    
11    3    27    43    36    40    190    363    442    475    
12    4    28    44    39    47    53    59    63    110    118    144    194    
13    5    29    45    44    34    39    48    158    165    232    245    486    497    
14    6    30    46    43    15    45    77    85    114    126    376    457    
15    7    31    47    14    46    57    61    65    71    92    110    118    192    
16    0    52    54    56    62    66    72    76    89    101    109    110    121    129    173    425    
17    1    87    98    99    107    106    116    117    122    164    167    214    229    498    501    
18    2    51    50    53    55    56    60    68    74    80    86    113    127    151    247    
19    3    57    61    65    81    83    88    90    95    108    120    132    134    153    178    221    434    
20    4    66    72    78    84    91    92    104    105    107    111    112    127    143    148    189    
21    5    65    71    75    83    94    100    114    117    121    122    163    224    391    474    
22    6    75    76    82    89    93    94    101    102    114    159    197    224    362    449    
23    7    78    81    87    97    102    105    112    120    148    159    206    210    231    485    
24    8    53    55    57    58    63    62    68    72    78    84    89    90    109    121    124    133    
25    9    69    75    81    87    98    106    116    124    132    165    215    242    496    499    
26    10    93    98    105    104    113    118    121    122    149    164    211    244    
27    11    52    58    62    68    72    77    78    83    84    90    95    101    103    115    225    
28    12    58    62    66    70    73    76    79    84    85    91    125    308    
29    13    64    70    76    82    96    99    105    107    108    114    117    119    123    125    126    
30    14    56    59    60    63    67    66    68    71    74    86    93    96    103    102    113    125    
31    15    75    87    92    97    102    103    109    112    115    124    127    146    202    456    
32    0    48    47    35    44    88    100    109    108    119    120    255    
33    1    49    36    40    44    45    166    167    228    251    500    503    
34    2    43    39    35    41    13    86    95    98    106    116    215    463    
35    3    34    40    10    32    65    71    128    172    217    343    424    
36    4    11    45    41    37    33    48    50    51    52    54    191    289    
37    5    38    44    40    36    9    80    82    94    152    161    237    489    
38    6    43    39    47    41    37    56    60    64    111    119    145    195    220    
39    7    46    42    38    12    34    13    112    126    150    159    233    246    377    
40    8    41    35    37    11    33    67    73    91    90    106    135    142    188    
41    9    38    40    10    34    36    64    70    74    82    117    123    
42    10    39    43    47    45    8    79    85    113    116    120    162    207    390    
43    11    14    46    38    42    34    104    110    115    123    126    142    225    
44    12    4    45    37    13    33    32    63    69    73    74    88    92    100    
45    13    5    42    14    44    36    33    133    158    165    230    243    484    
46    14    6    39    43    15    80    86    96    104    147    203    309    
47    15    7    42    38    10    12    32    67    69    77    83    158    196    448    
48    0    8    32    13    36    49    89    254    
49    1    9    33    8    48    9    417    502    
50    51    36    0    18    6    128    210    330    
51    50    18    1    36    3    129    211    331    
52    53    16    36    27    6    130    212    340    
53    52    24    18    12    3    131    213    341    
54    55    36    16    5    9    138    212    466    
55    54    18    24    3    5    139    213    467    
56    57    38    30    18    16    132    218    364    
57    56    19    15    9    24    133    219    365    
58    59    24    27    28    5    136    198    436    
59    58    12    30    3    137    199    437    
60    61    18    38    30    9    152    226    400    
61    60    9    19    15    5    153    227    401    
62    63    28    16    24    27    150    182    304    
63    62    30    24    12    44    151    183    305    
64    65    29    5    41    38    152    220    476    
65    64    15    35    21    19    153    221    477    
66    67    28    16    30    20    134    200    314    
67    66    30    40    47    10    135    201    315    
68    69    24    27    18    30    138    226    402    
69    68    44    25    47    139    227    403    
70    71    5    41    29    28    146    238    478    
71    70    35    21    15    30    147    239    479    
72    73    16    20    24    27    156    182    316    
73    72    40    10    44    28    157    183    317    
74    75    18    30    44    41    144    228    404    
75    74    25    31    22    21    145    229    405    
76    77    22    28    29    16    134    202    352    
77    76    27    14    47    8    135    203    353    
78    79    23    20    24    27    166    244    438    
79    78    10    42    28    167    245    439    
80    81    18    46    37    3    136    246    418    
81    80    25    23    19    0    137    247    419    
82    83    37    29    41    22    154    218    480    
83    82    19    47    21    27    155    219    481    
84    85    28    20    24    27    138    204    320    
85    84    14    42    28    139    205    321    
86    87    18    34    46    30    156    186    408    
87    86    25    17    23    31    157    187    409    
88    89    44    3    32    19    168    234    420    
89    88    22    48    16    24    169    235    421    
90    91    19    24    27    40    140    186    432    
91    90    40    28    20    141    187    433    
92    93    15    44    31    20    144    206    444    
93    92    6    22    30    26    145    207    445    
94    95    4    37    21    22    150    170    468    
95    94    34    19    27    151    171    469    
96    97    29    30    46    10    156    230    380    
97    96    31    23    5    157    231    381    
98    99    26    17    25    34    162    248    490    
99    98    29    9    17    163    249    491    
100    101    10    21    32    44    128    198    382    
101    100    5    27    16    22    129    199    383    
102    103    31    22    30    23    154    176    450    
103    102    30    27    31    10    155    177    451    
104    105    46    20    26    43    148    232    392    
105    104    23    26    29    20    149    233    393    
106    107    40    34    25    17    140    248    492    
107    106    20    17    29    9    141    249    493    
108    109    29    3    32    19    130    170    426    
109    108    31    32    16    24    131    171    427    
110    111    16    43    12    15    136    192    440    
111    110    8    20    6    38    137    193    441    
112    113    31    23    20    39    124    146    204    458    
113    112    30    42    26    18    125    147    205    459    
114    115    22    21    29    14    122    160    222    470    
115    114    43    27    31    7    123    161    223    471    
116    117    42    25    17    34    162    250    494    
117    116    21    29    41    17    163    251    495    
118    119    26    12    15    3    142    240    422    
119    118    29    6    38    32    143    241    423    
120    121    42    23    32    19    130    238    428    
121    120    21    26    16    24    131    239    429    
122    123    26    114    21    17    154    240    472    
123    122    29    115    43    41    155    241    473    
124    125    25    31    112    24    140    208    454    
125    124    29    30    113    28    141    209    455    
126    127    39    43    29    14    160    184    460    
127    126    18    20    31    7    161    185    461    
128    129    50    35    100    168    256    
129    128    51    16    101    169    257    
130    131    108    120    52    172    260    
131    130    109    121    53    173    261    
132    133    25    56    19    174    430    
133    132    45    57    24    175    431    
134    135    66    19    76    176    270    
135    134    67    40    77    177    271    
136    137    110    58    80    180    274    
137    136    111    59    81    181    275    
138    139    68    54    84    174    278    
139    138    69    55    85    175    279    
140    141    90    124    106    180    282    
141    140    91    125    107    181    283    
142    143    40    43    118    188    294    
143    142    20    119    189    295    
144    145    12    74    92    194    298    
145    144    38    75    93    195    299    
146    147    112    70    31    200    452    
147    146    113    71    46    201    453    
148    149    104    23    20    208    326    
149    148    105    26    209    327    
150    151    39    94    62    216    334    
151    150    18    95    63    217    335    
152    153    60    64    37    190    348    
153    152    61    65    19    191    349    
154    155    82    102    122    222    358    
155    154    83    103    123    223    359    
156    157    72    86    96    178    370    
157    156    73    87    97    179    371    
158    159    45    47    13    196    482    
159    158    23    22    39    197    483    
160    161    114    126    10    234    378    
161    160    115    127    37    235    379    
162    163    116    42    98    236    388    
163    162    117    21    99    237    389    
164    165    26    17    242    398    
165    164    45    13    25    243    399    
166    167    33    78    2    184    414    
167    166    17    79    33    185    415    
168    169    88    128    252    
169    168    89    129    253    
170    171    108    94    356    
171    170    109    95    357    
172    173    35    130    258    
173    172    16    131    259    
174    175    138    132    262    
175    174    139    133    263    
176    177    102    134    266    
177    176    103    135    267    
178    179    156    19    268    
179    178    157    8    269    
180    181    136    140    272    
181    180    137    141    273    
182    183    62    72    276    
183    182    63    73    277    
184    185    166    126    280    
185    184    167    127    281    
186    187    86    90    284    
187    186    87    91    285    
188    189    142    40    286    
189    188    143    20    287    
190    191    11    152    346    
191    190    36    153    347    
192    193    110    15    292    
193    192    111    6    293    
194    195    144    12    296    
195    194    145    38    297    
196    197    158    47    446    
197    196    159    22    447    
198    199    100    58    302    
199    198    101    59    303    
200    201    66    146    306    
201    200    67    147    307    
202    203    31    76    310    
203    202    46    77    311    
204    205    84    112    312    
205    204    85    113    313    
206    207    23    92    322    
207    206    42    93    323    
208    209    148    124    324    
209    208    149    125    325    
210    211    23    50    328    
211    210    26    51    329    
212    213    52    54    332    
213    212    53    55    333    
214    215    4    17    336    
215    214    34    25    337    
216    217    6    150    264    
217    216    35    151    265    
218    219    56    82    344    
219    218    57    83    345    
220    221    38    64    350    
221    220    19    65    351    
222    223    154    114    354    
223    222    155    115    355    
224    225    21    22    360    
225    224    27    43    361    
226    227    60    68    366    
227    226    61    69    367    
228    229    74    33    368    
229    228    75    17    369    
230    231    45    96    372    
231    230    23    97    373    
232    233    104    13    374    
233    232    105    39    375    
234    235    160    88    300    
235    234    161    89    301    
236    237    10    162    384    
237    236    37    163    385    
238    239    120    70    386    
239    238    121    71    387    
240    241    118    122    394    
241    240    119    123    395    
242    243    164    25    396    
243    242    165    45    397    
244    245    26    78    318    
245    244    13    79    319    
246    247    39    80    406    
247    246    18    81    407    
248    249    98    106    410    
249    248    99    107    411    
250    251    116    2    412    
251    250    117    33    413    
252    253    168    
253    252    169    
254    255    48    
255    254    32    
256    257    128    
257    256    129    
258    259    172    
259    258    173    
260    261    130    
261    260    131    
262    263    174    
263    262    175    
264    265    216    
265    264    217    
266    267    176    
267    266    177    
268    269    178    
269    268    179    
270    271    134    
271    270    135    
272    273    180    
273    272    181    
274    275    136    
275    274    137    
276    277    182    
277    276    183    
278    279    138    
279    278    139    
280    281    184    
281    280    185    
282    283    140    
283    282    141    
284    285    186    
285    284    187    
286    287    188    
287    286    189    
288    289    8    
289    288    36    
290    291    8    
291    290    4    
292    293    192    
293    292    193    
294    295    142    
295    294    143    
296    297    194    
297    296    195    
298    299    144    
299    298    145    
300    301    234    
301    300    235    
302    303    198    
303    302    199    
304    305    62    
305    304    63    
306    307    200    
307    306    201    
308    309    28    
309    308    46    
310    311    202    
311    310    203    
312    313    204    
313    312    205    
314    315    66    
315    314    67    
316    317    72    
317    316    73    
318    319    244    
319    318    245    
320    321    84    
321    320    85    
322    323    206    
323    322    207    
324    325    208    
325    324    209    
326    327    148    
327    326    149    
328    329    210    
329    328    211    
330    331    50    
331    330    51    
332    333    212    
333    332    213    
334    335    150    
335    334    151    
336    337    214    
337    336    215    
338    339    4    
339    338    2    
340    341    52    
341    340    53    
342    343    6    
343    342    35    
344    345    218    
345    344    219    
346    347    190    
347    346    191    
348    349    152    
349    348    153    
350    351    220    
351    350    221    
352    353    76    
353    352    77    
354    355    222    
355    354    223    
356    357    170    
357    356    171    
358    359    154    
359    358    155    
360    361    224    
361    360    225    
362    363    22    
363    362    11    
364    365    56    
365    364    57    
366    367    226    
367    366    227    
368    369    228    
369    368    229    
370    371    156    
371    370    157    
372    373    230    
373    372    231    
374    375    232    
375    374    233    
376    377    14    
377    376    39    
378    379    160    
379    378    161    
380    381    96    
381    380    97    
382    383    100    
383    382    101    
384    385    236    
385    384    237    
386    387    238    
387    386    239    
388    389    162    
389    388    163    
390    391    42    
391    390    21    
392    393    104    
393    392    105    
394    395    240    
395    394    241    
396    397    242    
397    396    243    
398    399    164    
399    398    165    
400    401    60    
401    400    61    
402    403    68    
403    402    69    
404    405    74    
405    404    75    
406    407    246    
407    406    247    
408    409    86    
409    408    87    
410    411    248    
411    410    249    
412    413    250    
413    412    251    
414    415    166    
415    414    167    
416    417    2    
417    416    49    
418    419    80    
419    418    81    
420    421    88    
421    420    89    
422    423    118    
423    422    119    
424    425    35    
425    424    16    
426    427    108    
427    426    109    
428    429    120    
429    428    121    
430    431    132    
431    430    133    
432    433    90    
433    432    91    
434    435    19    
435    434    8    
436    437    58    
437    436    59    
438    439    78    
439    438    79    
440    441    110    
441    440    111    
442    443    11    
443    442    4    
444    445    92    
445    444    93    
446    447    196    
447    446    197    
448    449    47    
449    448    22    
450    451    102    
451    450    103    
452    453    146    
453    452    147    
454    455    124    
455    454    125    
456    457    31    
457    456    14    
458    459    112    
459    458    113    
460    461    126    
461    460    127    
462    463    7    
463    462    34    
464    465    7    
465    464    2    
466    467    54    
467    466    55    
468    469    94    
469    468    95    
470    471    114    
471    470    115    
472    473    122    
473    472    123    
474    475    21    
475    474    11    
476    477    64    
477    476    65    
478    479    70    
479    478    71    
480    481    82    
481    480    83    
482    483    158    
483    482    159    
484    485    45    
485    484    23    
486    487    13    
487    486    7    
488    489    9    
489    488    37    
490    491    98    
491    490    99    
492    493    106    
493    492    107    
494    495    116    
495    494    117    
496    497    25    
497    496    13    
498    499    17    
499    498    25    
500    501    33    
501    500    17    
502    503    49    
503    502    33    
