0    1    2    4    8    16    18    125    
1    0    3    5    9    17    19    124    
2    0    6    10    19    21    40    60    102    
3    1    7    11    18    20    41    61    103    
4    0    12    16    23    25    24    27    26    30    32    
5    1    13    17    22    24    25    26    27    31    33    
6    2    14    15    37    36    53    54    92    115    
7    3    15    12    36    37    52    55    93    114    
8    0    16    13    20    22    29    31    39    59    
9    1    17    15    21    23    28    30    38    58    
10    2    13    17    28    32    35    40    44    47    109    
11    3    14    12    16    29    33    34    41    45    46    108    
12    4    15    7    11    24    26    28    39    57    121    
13    5    10    8    25    27    29    38    56    120    
14    6    15    11    37    38    51    62    96    113    
15    7    14    6    12    9    36    39    50    63    97    112    
16    0    4    8    11    17    30    32    123    
17    1    5    9    10    16    31    33    122    
18    19    0    3    34    42    104    
19    18    1    2    35    43    105    
20    21    3    8    40    60    106    
21    20    2    9    41    61    107    
22    23    5    8    34    48    116    
23    22    4    9    35    49    117    
24    25    12    5    4    48    82    
25    24    13    4    5    49    83    
26    27    12    5    4    58    84    
27    26    13    4    5    59    85    
28    29    9    10    12    50    98    
29    28    8    11    13    51    99    
30    31    16    4    9    44    86    
31    30    17    5    8    45    87    
32    33    16    10    4    54    88    
33    32    17    11    5    55    89    
34    35    18    11    22    42    74    
35    34    19    10    23    43    75    
36    37    15    7    6    52    110    
37    36    14    6    7    53    111    
38    39    14    13    9    56    118    
39    38    15    12    8    57    119    
40    41    2    10    20    46    100    
41    40    3    11    21    47    101    
42    43    34    18    64    
43    42    35    19    65    
44    45    30    10    66    
45    44    31    11    67    
46    47    40    11    70    
47    46    41    10    71    
48    49    22    24    76    
49    48    23    25    77    
50    51    15    28    80    
51    50    14    29    81    
52    53    7    36    90    
53    52    6    37    91    
54    55    6    32    68    
55    54    7    33    69    
56    57    38    13    94    
57    56    39    12    95    
58    59    26    9    78    
59    58    27    8    79    
60    61    20    2    72    
61    60    21    3    73    
62    63    14    
63    62    15    
64    65    42    
65    64    43    
66    67    44    
67    66    45    
68    69    54    
69    68    55    
70    71    46    
71    70    47    
72    73    60    
73    72    61    
74    75    34    
75    74    35    
76    77    48    
77    76    49    
78    79    58    
79    78    59    
80    81    50    
81    80    51    
82    83    24    
83    82    25    
84    85    26    
85    84    27    
86    87    30    
87    86    31    
88    89    32    
89    88    33    
90    91    52    
91    90    53    
92    93    6    
93    92    7    
94    95    56    
95    94    57    
96    97    14    
97    96    15    
98    99    28    
99    98    29    
100    101    40    
101    100    41    
102    103    2    
103    102    3    
104    105    18    
105    104    19    
106    107    20    
107    106    21    
108    109    11    
109    108    10    
110    111    36    
111    110    37    
112    113    15    
113    112    14    
114    115    7    
115    114    6    
116    117    22    
117    116    23    
118    119    38    
119    118    39    
120    121    13    
121    120    12    
122    123    17    
123    122    16    
124    125    1    
125    124    0    
