0    1    2    4    8    26    
1    0    3    5    9    27    
2    0    6    10    16    27    
3    1    7    11    17    26    
4    0    12    18    37    39    50    54    
5    1    13    19    36    38    51    55    
6    2    14    20    44    48    
7    3    15    21    45    49    
8    0    22    24    34    36    53    57    
9    1    23    25    35    37    52    56    
10    2    29    31    33    35    56    
11    3    28    30    32    34    57    
12    4    38    40    41    42    43    46    47    51    
13    5    39    41    40    43    42    47    46    50    
14    6    45    49    55    59    
15    7    44    48    54    58    
16    2    21    17    
17    3    16    
18    4    25    19    
19    5    24    18    
20    6    21    25    52    58    
21    7    20    16    24    53    59    
22    8    24    28    30    32    
23    9    25    29    31    33    
24    8    22    21    19    
25    9    23    20    18    
26    27    0    3    
27    26    1    2    
28    29    22    11    
29    28    23    10    
30    31    22    11    
31    30    23    10    
32    33    22    11    
33    32    23    10    
34    35    8    11    
35    34    9    10    
36    37    5    8    
37    36    4    9    
38    39    12    5    
39    38    13    4    
40    41    12    13    
41    40    13    12    
42    43    12    13    
43    42    13    12    
44    45    6    15    
45    44    7    14    
46    47    12    13    
47    46    13    12    
48    49    6    15    
49    48    7    14    
50    51    4    13    
51    50    5    12    
52    53    9    20    
53    52    8    21    
54    55    15    4    
55    54    14    5    
56    57    10    9    
57    56    11    8    
58    59    20    15    
59    58    21    14    
