0    1    2    4    8    16    18    
1    0    3    5    9    17    19    21    
2    0    6    10    19    21    
3    1    7    11    18    
4    0    12    16    21    24    25    
5    1    13    17    25    24    27    
6    2    14    15    
7    3    15    12    23    27    
8    0    16    13    20    22    
9    1    17    15    23    25    
10    2    13    17    26    
11    3    14    12    16    
12    4    15    7    11    20    22    
13    5    10    8    19    23    
14    6    15    11    
15    7    14    6    12    9    26    
16    0    4    8    11    17    22    
17    1    5    9    10    16    
18    19    0    3    
19    18    1    13    2    
20    21    8    12    
21    20    2    4    1    
22    23    16    8    12    
23    22    7    9    13    
24    25    4    5    
25    24    5    9    4    
26    27    15    10    
27    26    5    7    
